0.0014517273220204048,0.0010583098680045553,0.0015925995209473006,0.0014140746211929924,0.00118961249439279,0.0011022924697991821,0.001505417139608882,0.0020786000322670973,0.001192179455347754,0.984849802792366,0.0013722226245353947,0.0011931616595177183,1.0
0.0028572716824827194,0.002082952336347182,0.0031345345945581827,0.0027831641044194833,0.0023413805346210715,0.0021695183468668456,0.0029629433145490765,0.4881848639841198,0.4864402220153534,0.00199399160488336,0.0027007915244650817,0.002348365957333788,2.0
0.0028572716824827194,0.002082952336347182,0.0031345345945581827,0.0027831641044194833,0.0023413805346210715,0.9703570967869997,0.0029629433145490765,0.00409107476405336,0.0023464327952869724,0.00199399160488336,0.0027007915244650817,0.002348365957333788,3.0
0.00285727168248272,0.0020829523363471826,0.9713221130346912,0.002783164104419484,0.002341380534621072,0.002169518346866846,0.002962943314549077,0.004091074764053361,0.002346432795286973,0.0019939916048833605,0.002700791524465082,0.0023483659573337885,4.0
0.0028572716824827194,0.002082952336347182,0.0031345345945581827,0.0027831641044194833,0.4864351697546875,0.0021695183468668456,0.48705673253461546,0.00409107476405336,0.0023464327952869724,0.00199399160488336,0.0027007915244650817,0.002348365957333788,5.0
0.00285727168248272,0.9702705307764804,0.0031345345945581835,0.002783164104419484,0.002341380534621072,0.002169518346866846,0.002962943314549077,0.004091074764053361,0.002346432795286973,0.0019939916048833605,0.002700791524465082,0.0023483659573337885,6.0
0.00285727168248272,0.0020829523363471826,0.9713221130346912,0.002783164104419484,0.002341380534621072,0.002169518346866846,0.002962943314549077,0.004091074764053361,0.002346432795286973,0.0019939916048833605,0.002700791524465082,0.0023483659573337885,7.0
0.0019252635535819454,0.9799679309761525,0.002112086592725026,0.0018753289883937294,0.0015776499784771244,0.001461847197680808,0.001996466352780971,0.002756614705734559,0.0015810542516454368,0.0013435751967746325,0.0018198253668889922,0.0015823568391644047,8.0
0.00553835488462752,0.004037463191610409,0.006075783793762582,0.005394709438004185,0.004538384081636532,0.004205257276486408,0.9440799943041893,0.007929880816648012,0.004548177064470104,0.0038650273309733876,0.0052350436339622585,0.004551924183629405,9.0
0.0055383548846275185,0.004037463191610408,0.9444125959988843,0.005394709438004184,0.004538384081636531,0.004205257276486407,0.005743182099067534,0.00792988081664801,0.0045481770644701025,0.0038650273309733868,0.005235043633962258,0.004551924183629403,10.0
0.00285727168248272,0.0020829523363471826,0.0031345345945581835,0.9709707425445525,0.002341380534621072,0.002169518346866846,0.002962943314549077,0.004091074764053361,0.002346432795286973,0.0019939916048833605,0.002700791524465082,0.0023483659573337885,11.0
0.00553835488462752,0.004037463191610409,0.006075783793762582,0.9437315216431261,0.004538384081636532,0.004205257276486408,0.005743182099067535,0.007929880816648012,0.004548177064470104,0.0038650273309733876,0.0052350436339622585,0.004551924183629405,12.0
0.00553835488462752,0.004037463191610409,0.006075783793762582,0.005394709438004185,0.9428751962867583,0.004205257276486408,0.005743182099067535,0.007929880816648012,0.004548177064470104,0.0038650273309733876,0.0052350436339622585,0.004551924183629405,13.0
0.0019252635535819452,0.0014035179929173028,0.0021120865927250257,0.0018753289883937292,0.0015776499784771242,0.0014618471976808078,0.0019964663527809704,0.002756614705734559,0.0015810542516454366,0.0013435751967746322,0.001819825366888992,0.9801467698223995,14.0
0.0055383548846275185,0.942374275396732,0.006075783793762581,0.005394709438004184,0.004538384081636531,0.004205257276486407,0.005743182099067534,0.00792988081664801,0.0045481770644701025,0.0038650273309733868,0.005235043633962258,0.004551924183629403,15.0
0.00285727168248272,0.0020829523363471826,0.9713221130346912,0.002783164104419484,0.002341380534621072,0.002169518346866846,0.002962943314549077,0.004091074764053361,0.002346432795286973,0.0019939916048833605,0.002700791524465082,0.0023483659573337885,16.0
0.00553835488462752,0.004037463191610409,0.006075783793762582,0.005394709438004185,0.004538384081636532,0.004205257276486408,0.9440799943041893,0.007929880816648012,0.004548177064470104,0.0038650273309733876,0.0052350436339622585,0.004551924183629405,17.0
0.00553835488462752,0.004037463191610409,0.006075783793762582,0.005394709438004185,0.004538384081636532,0.9425420694816082,0.005743182099067535,0.007929880816648012,0.004548177064470104,0.0038650273309733876,0.0052350436339622585,0.004551924183629405,18.0
0.00553835488462752,0.004037463191610409,0.006075783793762582,0.005394709438004185,0.004538384081636532,0.9425420694816082,0.005743182099067535,0.007929880816648012,0.004548177064470104,0.0038650273309733876,0.0052350436339622585,0.004551924183629405,19.0
0.00553835488462752,0.004037463191610409,0.006075783793762582,0.005394709438004185,0.004538384081636532,0.004205257276486408,0.005743182099067535,0.007929880816648012,0.004548177064470104,0.0038650273309733876,0.943571855839084,0.004551924183629405,20.0
0.00553835488462752,0.004037463191610409,0.006075783793762582,0.9437315216431261,0.004538384081636532,0.004205257276486408,0.005743182099067535,0.007929880816648012,0.004548177064470104,0.0038650273309733876,0.0052350436339622585,0.004551924183629405,21.0
0.00553835488462752,0.004037463191610409,0.006075783793762582,0.005394709438004185,0.004538384081636532,0.004205257276486408,0.005743182099067535,0.9462666930217699,0.004548177064470104,0.0038650273309733876,0.0052350436339622585,0.004551924183629405,22.0
0.9438751670897492,0.004037463191610408,0.006075783793762581,0.005394709438004184,0.004538384081636531,0.004205257276486407,0.005743182099067534,0.00792988081664801,0.0045481770644701025,0.0038650273309733868,0.005235043633962258,0.004551924183629403,23.0
0.00553835488462752,0.004037463191610409,0.006075783793762582,0.005394709438004185,0.004538384081636532,0.004205257276486408,0.005743182099067535,0.007929880816648012,0.004548177064470104,0.9422018395360952,0.0052350436339622585,0.004551924183629405,24.0
0.00285727168248272,0.0020829523363471826,0.0031345345945581835,0.9709707425445525,0.002341380534621072,0.002169518346866846,0.002962943314549077,0.004091074764053361,0.002346432795286973,0.0019939916048833605,0.002700791524465082,0.0023483659573337885,25.0
0.9710448501226158,0.0020829523363471826,0.0031345345945581835,0.002783164104419484,0.002341380534621072,0.002169518346866846,0.002962943314549077,0.004091074764053361,0.002346432795286973,0.0019939916048833605,0.002700791524465082,0.0023483659573337885,26.0
0.9804896765368171,0.001403517992917303,0.002112086592725026,0.0018753289883937294,0.0015776499784771244,0.001461847197680808,0.001996466352780971,0.002756614705734559,0.0015810542516454368,0.0013435751967746325,0.0018198253668889922,0.0015823568391644047,27.0
0.9438751670897492,0.004037463191610408,0.006075783793762581,0.005394709438004184,0.004538384081636531,0.004205257276486407,0.005743182099067534,0.00792988081664801,0.0045481770644701025,0.0038650273309733868,0.005235043633962258,0.004551924183629403,28.0
0.0019252635535819452,0.0014035179929173028,0.0021120865927250257,0.0018753289883937292,0.9801420629617121,0.0014618471976808078,0.0019964663527809704,0.002756614705734559,0.0015810542516454366,0.0013435751967746322,0.001819825366888992,0.0015823568391644045,29.0
0.9804896765368171,0.001403517992917303,0.002112086592725026,0.0018753289883937294,0.0015776499784771244,0.001461847197680808,0.001996466352780971,0.002756614705734559,0.0015810542516454368,0.0013435751967746325,0.0018198253668889922,0.0015823568391644047,30.0
0.0028572716824827194,0.002082952336347182,0.0031345345945581827,0.0027831641044194833,0.0023413805346210715,0.9703570967869997,0.0029629433145490765,0.00409107476405336,0.0023464327952869724,0.00199399160488336,0.0027007915244650817,0.002348365957333788,31.0
0.0028572716824827194,0.002082952336347182,0.0031345345945581827,0.0027831641044194833,0.4864351697546875,0.0021695183468668456,0.0029629433145490765,0.4881848639841198,0.0023464327952869724,0.00199399160488336,0.0027007915244650817,0.002348365957333788,32.0
0.0019252635535819454,0.001403517992917303,0.002112086592725026,0.9804397419716289,0.0015776499784771244,0.001461847197680808,0.001996466352780971,0.002756614705734559,0.0015810542516454368,0.0013435751967746325,0.0018198253668889922,0.0015823568391644047,33.0
0.00553835488462752,0.004037463191610409,0.006075783793762582,0.005394709438004185,0.004538384081636532,0.004205257276486408,0.005743182099067535,0.007929880816648012,0.942884989269592,0.0038650273309733876,0.0052350436339622585,0.004551924183629405,34.0
0.9438751670897492,0.004037463191610408,0.006075783793762581,0.005394709438004184,0.004538384081636531,0.004205257276486407,0.005743182099067534,0.00792988081664801,0.0045481770644701025,0.0038650273309733868,0.005235043633962258,0.004551924183629403,35.0
0.0019252635535819452,0.0014035179929173028,0.0021120865927250257,0.0018753289883937292,0.0015776499784771242,0.9800262601809159,0.0019964663527809704,0.002756614705734559,0.0015810542516454366,0.0013435751967746322,0.001819825366888992,0.0015823568391644045,36.0
0.00285727168248272,0.0020829523363471826,0.9713221130346912,0.002783164104419484,0.002341380534621072,0.002169518346866846,0.002962943314549077,0.004091074764053361,0.002346432795286973,0.0019939916048833605,0.002700791524465082,0.0023483659573337885,37.0
0.0028572716824827194,0.002082952336347182,0.0031345345945581827,0.0027831641044194833,0.0023413805346210715,0.0021695183468668456,0.0029629433145490765,0.9722786532041862,0.0023464327952869724,0.00199399160488336,0.0027007915244650817,0.002348365957333788,38.0
0.0028572716824827194,0.002082952336347182,0.0031345345945581827,0.0027831641044194833,0.0023413805346210715,0.9703570967869997,0.0029629433145490765,0.00409107476405336,0.0023464327952869724,0.00199399160488336,0.0027007915244650817,0.002348365957333788,39.0
0.0019252635535819452,0.0014035179929173028,0.0021120865927250257,0.0018753289883937292,0.0015776499784771242,0.0014618471976808078,0.0019964663527809704,0.002756614705734559,0.9801454672348805,0.0013435751967746322,0.001819825366888992,0.0015823568391644045,40.0
0.0014517273220204048,0.0010583098680045553,0.0015925995209473006,0.0014140746211929924,0.00118961249439279,0.9849389847097331,0.001505417139608882,0.0020786000322670973,0.001192179455347754,0.0010131105524320391,0.0013722226245353947,0.0011931616595177183,41.0
0.0019252635535819452,0.0014035179929173028,0.0021120865927250257,0.0018753289883937292,0.9801420629617121,0.0014618471976808078,0.0019964663527809704,0.002756614705734559,0.0015810542516454366,0.0013435751967746322,0.001819825366888992,0.0015823568391644045,42.0
0.0011651483880126426,0.0008493936967496492,0.0012782116423895287,0.0011349285367995886,0.0009547764646823778,0.9879121117160861,0.0012082395411975569,0.00166827298775947,0.0009568366934687351,0.0008131169739245265,0.0011013383537803389,0.0009576250051495681,43.0
0.00285727168248272,0.9702705307764804,0.0031345345945581835,0.002783164104419484,0.002341380534621072,0.002169518346866846,0.002962943314549077,0.004091074764053361,0.002346432795286973,0.0019939916048833605,0.002700791524465082,0.0023483659573337885,44.0
0.0028572716824827194,0.002082952336347182,0.0031345345945581827,0.0027831641044194833,0.0023413805346210715,0.0021695183468668456,0.0029629433145490765,0.00409107476405336,0.0023464327952869724,0.00199399160488336,0.0027007915244650817,0.9705359443974666,45.0
0.9438751670897492,0.004037463191610408,0.006075783793762581,0.005394709438004184,0.004538384081636531,0.004205257276486407,0.005743182099067534,0.00792988081664801,0.0045481770644701025,0.0038650273309733868,0.005235043633962258,0.004551924183629403,46.0
0.0019252635535819452,0.0014035179929173028,0.0021120865927250257,0.0018753289883937292,0.0015776499784771242,0.0014618471976808078,0.980560879336016,0.002756614705734559,0.0015810542516454366,0.0013435751967746322,0.001819825366888992,0.0015823568391644045,47.0
0.00285727168248272,0.0020829523363471826,0.0031345345945581835,0.002783164104419484,0.002341380534621072,0.002169518346866846,0.48705673253461557,0.004091074764053361,0.002346432795286973,0.0019939916048833605,0.002700791524465082,0.4864421551774003,48.0
0.0028572716824827194,0.002082952336347182,0.0031345345945581827,0.0027831641044194833,0.0023413805346210715,0.0021695183468668456,0.0029629433145490765,0.00409107476405336,0.0023464327952869724,0.9701815700450162,0.0027007915244650817,0.002348365957333788,49.0
0.00553835488462752,0.004037463191610409,0.006075783793762582,0.005394709438004185,0.004538384081636532,0.004205257276486408,0.9440799943041893,0.007929880816648012,0.004548177064470104,0.0038650273309733876,0.0052350436339622585,0.004551924183629405,50.0
0.9438751670897492,0.004037463191610408,0.006075783793762581,0.005394709438004184,0.004538384081636531,0.004205257276486407,0.005743182099067534,0.00792988081664801,0.0045481770644701025,0.0038650273309733868,0.005235043633962258,0.004551924183629403,51.0
0.0011651483880126426,0.0008493936967496492,0.0012782116423895287,0.0011349285367995886,0.0009547764646823778,0.000884693891768567,0.0012082395411975569,0.00166827298775947,0.0009568366934687351,0.0008131169739245265,0.0011013383537803389,0.9879850428294671,52.0
0.9438751670897492,0.004037463191610408,0.006075783793762581,0.005394709438004184,0.004538384081636531,0.004205257276486407,0.005743182099067534,0.00792988081664801,0.0045481770644701025,0.0038650273309733868,0.005235043633962258,0.004551924183629403,53.0
0.0019252635535819452,0.0014035179929173028,0.0021120865927250257,0.0018753289883937292,0.0015776499784771242,0.0014618471976808078,0.0019964663527809704,0.002756614705734559,0.0015810542516454366,0.0013435751967746322,0.9803842383501241,0.0015823568391644045,54.0
0.0014517273220204048,0.0010583098680045553,0.0015925995209473006,0.0014140746211929924,0.00118961249439279,0.0011022924697991821,0.9853421093795429,0.0020786000322670973,0.001192179455347754,0.0010131105524320391,0.0013722226245353947,0.0011931616595177183,55.0
0.0014517273220204048,0.0010583098680045553,0.0015925995209473006,0.985250766861127,0.00118961249439279,0.0011022924697991821,0.001505417139608882,0.0020786000322670973,0.001192179455347754,0.0010131105524320391,0.0013722226245353947,0.0011931616595177183,56.0
0.0014517273220204048,0.0010583098680045553,0.0015925995209473006,0.0014140746211929924,0.00118961249439279,0.0011022924697991821,0.9853421093795429,0.0020786000322670973,0.001192179455347754,0.0010131105524320391,0.0013722226245353947,0.0011931616595177183,57.0
0.9438751670897492,0.004037463191610408,0.006075783793762581,0.005394709438004184,0.004538384081636531,0.004205257276486407,0.005743182099067534,0.00792988081664801,0.0045481770644701025,0.0038650273309733868,0.005235043633962258,0.004551924183629403,58.0
0.0055383548846275185,0.004037463191610408,0.9444125959988843,0.005394709438004184,0.004538384081636531,0.004205257276486407,0.005743182099067534,0.00792988081664801,0.0045481770644701025,0.0038650273309733868,0.005235043633962258,0.004551924183629403,59.0
0.0019252635535819452,0.0014035179929173028,0.0021120865927250257,0.0018753289883937292,0.0015776499784771242,0.0014618471976808078,0.0019964663527809704,0.9813210276889696,0.0015810542516454366,0.0013435751967746322,0.001819825366888992,0.0015823568391644045,60.0
0.00553835488462752,0.004037463191610409,0.006075783793762582,0.005394709438004185,0.004538384081636532,0.004205257276486408,0.005743182099067535,0.9462666930217699,0.004548177064470104,0.0038650273309733876,0.0052350436339622585,0.004551924183629405,61.0
0.0014517273220204048,0.0010583098680045553,0.0015925995209473006,0.0014140746211929924,0.00118961249439279,0.0011022924697991821,0.001505417139608882,0.0020786000322670973,0.001192179455347754,0.0010131105524320391,0.9852089148644693,0.0011931616595177183,62.0
0.00285727168248272,0.0020829523363471826,0.9713221130346912,0.002783164104419484,0.002341380534621072,0.002169518346866846,0.002962943314549077,0.004091074764053361,0.002346432795286973,0.0019939916048833605,0.002700791524465082,0.0023483659573337885,63.0
0.0011651483880126426,0.0008493936967496492,0.0012782116423895287,0.0011349285367995886,0.0009547764646823778,0.000884693891768567,0.0012082395411975569,0.00166827298775947,0.0009568366934687351,0.0008131169739245265,0.0011013383537803389,0.9879850428294671,64.0
0.9438751670897492,0.004037463191610408,0.006075783793762581,0.005394709438004184,0.004538384081636531,0.004205257276486407,0.005743182099067534,0.00792988081664801,0.0045481770644701025,0.0038650273309733868,0.005235043633962258,0.004551924183629403,65.0
0.00553835488462752,0.004037463191610409,0.006075783793762582,0.005394709438004185,0.004538384081636532,0.004205257276486408,0.005743182099067535,0.9462666930217699,0.004548177064470104,0.0038650273309733876,0.0052350436339622585,0.004551924183629405,66.0
0.00553835488462752,0.004037463191610409,0.006075783793762582,0.005394709438004185,0.9428751962867583,0.004205257276486408,0.005743182099067535,0.007929880816648012,0.004548177064470104,0.0038650273309733876,0.0052350436339622585,0.004551924183629405,67.0
0.0028572716824827194,0.002082952336347182,0.0031345345945581827,0.0027831641044194833,0.0023413805346210715,0.0021695183468668456,0.0029629433145490765,0.9722786532041862,0.0023464327952869724,0.00199399160488336,0.0027007915244650817,0.002348365957333788,68.0
0.0055383548846275185,0.004037463191610408,0.9444125959988843,0.005394709438004184,0.004538384081636531,0.004205257276486407,0.005743182099067534,0.00792988081664801,0.0045481770644701025,0.0038650273309733868,0.005235043633962258,0.004551924183629403,69.0
0.00553835488462752,0.004037463191610409,0.006075783793762582,0.005394709438004185,0.004538384081636532,0.004205257276486408,0.005743182099067535,0.9462666930217699,0.004548177064470104,0.0038650273309733876,0.0052350436339622585,0.004551924183629405,70.0
0.00553835488462752,0.004037463191610409,0.006075783793762582,0.005394709438004185,0.9428751962867583,0.004205257276486408,0.005743182099067535,0.007929880816648012,0.004548177064470104,0.0038650273309733876,0.0052350436339622585,0.004551924183629405,71.0
0.0014517273220204048,0.0010583098680045553,0.0015925995209473006,0.0014140746211929924,0.00118961249439279,0.0011022924697991821,0.001505417139608882,0.0020786000322670973,0.001192179455347754,0.0010131105524320391,0.0013722226245353947,0.9850298538994517,72.0
0.00553835488462752,0.004037463191610409,0.006075783793762582,0.9437315216431261,0.004538384081636532,0.004205257276486408,0.005743182099067535,0.007929880816648012,0.004548177064470104,0.0038650273309733876,0.0052350436339622585,0.004551924183629405,73.0
0.9438751670897492,0.004037463191610408,0.006075783793762581,0.005394709438004184,0.004538384081636531,0.004205257276486407,0.005743182099067534,0.00792988081664801,0.0045481770644701025,0.0038650273309733868,0.005235043633962258,0.004551924183629403,74.0
0.0055383548846275185,0.004037463191610408,0.9444125959988843,0.005394709438004184,0.004538384081636531,0.004205257276486407,0.005743182099067534,0.00792988081664801,0.0045481770644701025,0.0038650273309733868,0.005235043633962258,0.004551924183629403,75.0
0.00285727168248272,0.0020829523363471826,0.9713221130346912,0.002783164104419484,0.002341380534621072,0.002169518346866846,0.002962943314549077,0.004091074764053361,0.002346432795286973,0.0019939916048833605,0.002700791524465082,0.0023483659573337885,76.0
0.7459762112477388,0.0014035179929173028,0.0021120865927250257,0.0018753289883937292,0.0015776499784771242,0.0014618471976808078,0.0019964663527809704,0.2372700799948127,0.0015810542516454366,0.0013435751967746322,0.001819825366888992,0.0015823568391644045,77.0
0.00553835488462752,0.004037463191610409,0.006075783793762582,0.005394709438004185,0.004538384081636532,0.004205257276486408,0.005743182099067535,0.9462666930217699,0.004548177064470104,0.0038650273309733876,0.0052350436339622585,0.004551924183629405,78.0
0.0019252635535819452,0.0014035179929173028,0.0021120865927250257,0.0018753289883937292,0.0015776499784771242,0.0014618471976808078,0.0019964663527809704,0.002756614705734559,0.0015810542516454366,0.0013435751967746322,0.001819825366888992,0.9801467698223995,79.0
0.0014517273220204048,0.0010583098680045553,0.24755177258088876,0.0014140746211929924,0.00118961249439279,0.0011022924697991821,0.001505417139608882,0.4939969461522761,0.001192179455347754,0.0010131105524320391,0.24733139568451887,0.0011931616595177183,80.0
0.00285727168248272,0.0020829523363471826,0.9713221130346912,0.002783164104419484,0.002341380534621072,0.002169518346866846,0.002962943314549077,0.004091074764053361,0.002346432795286973,0.0019939916048833605,0.002700791524465082,0.0023483659573337885,81.0
0.0028572716824827194,0.002082952336347182,0.0031345345945581827,0.0027831641044194833,0.0023413805346210715,0.0021695183468668456,0.0029629433145490765,0.9722786532041862,0.0023464327952869724,0.00199399160488336,0.0027007915244650817,0.002348365957333788,82.0
0.00285727168248272,0.0020829523363471826,0.0031345345945581835,0.002783164104419484,0.002341380534621072,0.002169518346866846,0.48705673253461557,0.004091074764053361,0.002346432795286973,0.0019939916048833605,0.002700791524465082,0.4864421551774003,83.0
0.00553835488462752,0.004037463191610409,0.006075783793762582,0.005394709438004185,0.004538384081636532,0.004205257276486408,0.005743182099067535,0.9462666930217699,0.004548177064470104,0.0038650273309733876,0.0052350436339622585,0.004551924183629405,84.0
0.00553835488462752,0.004037463191610409,0.006075783793762582,0.005394709438004185,0.004538384081636532,0.004205257276486408,0.005743182099067535,0.9462666930217699,0.004548177064470104,0.0038650273309733876,0.0052350436339622585,0.004551924183629405,85.0
0.0019252635535819454,0.001403517992917303,0.9806764995759601,0.0018753289883937294,0.0015776499784771244,0.001461847197680808,0.001996466352780971,0.002756614705734559,0.0015810542516454368,0.0013435751967746325,0.0018198253668889922,0.0015823568391644047,86.0
0.0019252635535819452,0.0014035179929173028,0.0021120865927250257,0.0018753289883937292,0.0015776499784771242,0.0014618471976808078,0.0019964663527809704,0.002756614705734559,0.0015810542516454366,0.9799079881800097,0.001819825366888992,0.0015823568391644045,87.0
0.00553835488462752,0.004037463191610409,0.006075783793762582,0.005394709438004185,0.004538384081636532,0.004205257276486408,0.005743182099067535,0.9462666930217699,0.004548177064470104,0.0038650273309733876,0.0052350436339622585,0.004551924183629405,88.0
0.0028572716824827194,0.002082952336347182,0.0031345345945581827,0.0027831641044194833,0.0023413805346210715,0.0021695183468668456,0.0029629433145490765,0.3741299078533647,0.6004951781461085,0.00199399160488336,0.0027007915244650817,0.002348365957333788,89.0
0.00553835488462752,0.004037463191610409,0.006075783793762582,0.005394709438004185,0.004538384081636532,0.004205257276486408,0.005743182099067535,0.9462666930217699,0.004548177064470104,0.0038650273309733876,0.0052350436339622585,0.004551924183629405,90.0
0.00553835488462752,0.004037463191610409,0.006075783793762582,0.005394709438004185,0.9428751962867583,0.004205257276486408,0.005743182099067535,0.007929880816648012,0.004548177064470104,0.0038650273309733876,0.0052350436339622585,0.004551924183629405,91.0
0.9438751670897492,0.004037463191610408,0.006075783793762581,0.005394709438004184,0.004538384081636531,0.004205257276486407,0.005743182099067534,0.00792988081664801,0.0045481770644701025,0.0038650273309733868,0.005235043633962258,0.004551924183629403,92.0
0.00553835488462752,0.004037463191610409,0.006075783793762582,0.005394709438004185,0.004538384081636532,0.004205257276486408,0.005743182099067535,0.9462666930217699,0.004548177064470104,0.0038650273309733876,0.0052350436339622585,0.004551924183629405,93.0
0.00285727168248272,0.0020829523363471826,0.9713221130346912,0.002783164104419484,0.002341380534621072,0.002169518346866846,0.002962943314549077,0.004091074764053361,0.002346432795286973,0.0019939916048833605,0.002700791524465082,0.0023483659573337885,94.0
0.0028572716824827194,0.002082952336347182,0.0031345345945581827,0.0027831641044194833,0.0023413805346210715,0.0021695183468668456,0.0029629433145490765,0.9722786532041862,0.0023464327952869724,0.00199399160488336,0.0027007915244650817,0.002348365957333788,95.0
0.0019252635535819452,0.0014035179929173028,0.62991173026219,0.0018753289883937292,0.0015776499784771242,0.0014618471976808078,0.0019964663527809704,0.3535213840195046,0.0015810542516454366,0.0013435751967746322,0.001819825366888992,0.0015823568391644045,96.0
0.0055383548846275185,0.942374275396732,0.006075783793762581,0.005394709438004184,0.004538384081636531,0.004205257276486407,0.005743182099067534,0.00792988081664801,0.0045481770644701025,0.0038650273309733868,0.005235043633962258,0.004551924183629403,97.0
0.00553835488462752,0.004037463191610409,0.006075783793762582,0.005394709438004185,0.004538384081636532,0.004205257276486408,0.005743182099067535,0.007929880816648012,0.942884989269592,0.0038650273309733876,0.0052350436339622585,0.004551924183629405,98.0
0.0019252635535819452,0.0014035179929173028,0.0021120865927250257,0.0018753289883937292,0.9801420629617121,0.0014618471976808078,0.0019964663527809704,0.002756614705734559,0.0015810542516454366,0.0013435751967746322,0.001819825366888992,0.0015823568391644045,99.0
0.00553835488462752,0.004037463191610409,0.006075783793762582,0.005394709438004185,0.004538384081636532,0.004205257276486408,0.005743182099067535,0.9462666930217699,0.004548177064470104,0.0038650273309733876,0.0052350436339622585,0.004551924183629405,100.0
0.0055383548846275185,0.942374275396732,0.006075783793762581,0.005394709438004184,0.004538384081636531,0.004205257276486407,0.005743182099067534,0.00792988081664801,0.0045481770644701025,0.0038650273309733868,0.005235043633962258,0.004551924183629403,101.0
0.9438751670897492,0.004037463191610408,0.006075783793762581,0.005394709438004184,0.004538384081636531,0.004205257276486407,0.005743182099067534,0.00792988081664801,0.0045481770644701025,0.0038650273309733868,0.005235043633962258,0.004551924183629403,102.0
0.0019252635535819452,0.0014035179929173028,0.0021120865927250257,0.0018753289883937292,0.0015776499784771242,0.0014618471976808078,0.980560879336016,0.002756614705734559,0.0015810542516454366,0.0013435751967746322,0.001819825366888992,0.0015823568391644045,103.0
0.00553835488462752,0.004037463191610409,0.006075783793762582,0.005394709438004185,0.004538384081636532,0.004205257276486408,0.005743182099067535,0.9462666930217699,0.004548177064470104,0.0038650273309733876,0.0052350436339622585,0.004551924183629405,104.0
0.9438751670897492,0.004037463191610408,0.006075783793762581,0.005394709438004184,0.004538384081636531,0.004205257276486407,0.005743182099067534,0.00792988081664801,0.0045481770644701025,0.0038650273309733868,0.005235043633962258,0.004551924183629403,105.0
0.00553835488462752,0.004037463191610409,0.006075783793762582,0.005394709438004185,0.004538384081636532,0.004205257276486408,0.005743182099067535,0.007929880816648012,0.942884989269592,0.0038650273309733876,0.0052350436339622585,0.004551924183629405,106.0
0.9438751670897492,0.004037463191610408,0.006075783793762581,0.005394709438004184,0.004538384081636531,0.004205257276486407,0.005743182099067534,0.00792988081664801,0.0045481770644701025,0.0038650273309733868,0.005235043633962258,0.004551924183629403,107.0
0.9438751670897492,0.004037463191610408,0.006075783793762581,0.005394709438004184,0.004538384081636531,0.004205257276486407,0.005743182099067534,0.00792988081664801,0.0045481770644701025,0.0038650273309733868,0.005235043633962258,0.004551924183629403,108.0
0.9438751670897492,0.004037463191610408,0.006075783793762581,0.005394709438004184,0.004538384081636531,0.004205257276486407,0.005743182099067534,0.00792988081664801,0.0045481770644701025,0.0038650273309733868,0.005235043633962258,0.004551924183629403,109.0
0.00553835488462752,0.004037463191610409,0.006075783793762582,0.005394709438004185,0.004538384081636532,0.004205257276486408,0.005743182099067535,0.9462666930217699,0.004548177064470104,0.0038650273309733876,0.0052350436339622585,0.004551924183629405,110.0
0.00553835488462752,0.004037463191610409,0.006075783793762582,0.005394709438004185,0.004538384081636532,0.004205257276486408,0.005743182099067535,0.9462666930217699,0.004548177064470104,0.0038650273309733876,0.0052350436339622585,0.004551924183629405,111.0
0.0028572716824827194,0.4861767415564136,0.0031345345945581827,0.0027831641044194833,0.0023413805346210715,0.0021695183468668456,0.0029629433145490765,0.4881848639841198,0.0023464327952869724,0.00199399160488336,0.0027007915244650817,0.002348365957333788,112.0
0.00553835488462752,0.004037463191610409,0.006075783793762582,0.005394709438004185,0.9428751962867583,0.004205257276486408,0.005743182099067535,0.007929880816648012,0.004548177064470104,0.0038650273309733876,0.0052350436339622585,0.004551924183629405,113.0
0.00553835488462752,0.004037463191610409,0.006075783793762582,0.005394709438004185,0.004538384081636532,0.004205257276486408,0.005743182099067535,0.9462666930217699,0.004548177064470104,0.0038650273309733876,0.0052350436339622585,0.004551924183629405,114.0
0.0019252635535819452,0.0014035179929173028,0.0021120865927250257,0.0018753289883937292,0.0015776499784771242,0.0014618471976808078,0.0019964663527809704,0.5476404499711338,0.0015810542516454366,0.0013435751967746322,0.001819825366888992,0.43526293455700027,115.0
0.0019252635535819454,0.001403517992917303,0.002112086592725026,0.6542516043105505,0.0015776499784771244,0.001461847197680808,0.001996466352780971,0.002756614705734559,0.0015810542516454368,0.0013435751967746325,0.32800796302796736,0.0015823568391644047,116.0
0.0019252635535819452,0.0014035179929173028,0.0021120865927250257,0.0018753289883937292,0.0015776499784771242,0.0014618471976808078,0.0019964663527809704,0.002756614705734559,0.0015810542516454366,0.0013435751967746322,0.9803842383501241,0.0015823568391644045,117.0
0.00553835488462752,0.004037463191610409,0.006075783793762582,0.9437315216431261,0.004538384081636532,0.004205257276486408,0.005743182099067535,0.007929880816648012,0.004548177064470104,0.0038650273309733876,0.0052350436339622585,0.004551924183629405,118.0
0.0055383548846275185,0.004037463191610408,0.9444125959988843,0.005394709438004184,0.004538384081636531,0.004205257276486407,0.005743182099067534,0.00792988081664801,0.0045481770644701025,0.0038650273309733868,0.005235043633962258,0.004551924183629403,119.0
0.0014517273220204048,0.0010583098680045553,0.0015925995209473006,0.0014140746211929924,0.00118961249439279,0.0011022924697991821,0.9853421093795429,0.0020786000322670973,0.001192179455347754,0.0010131105524320391,0.0013722226245353947,0.0011931616595177183,120.0
0.0028572716824827194,0.002082952336347182,0.0031345345945581827,0.0027831641044194833,0.0023413805346210715,0.0021695183468668456,0.0029629433145490765,0.00409107476405336,0.9705340112354198,0.00199399160488336,0.0027007915244650817,0.002348365957333788,121.0
0.9438751670897492,0.004037463191610408,0.006075783793762581,0.005394709438004184,0.004538384081636531,0.004205257276486407,0.005743182099067534,0.00792988081664801,0.0045481770644701025,0.0038650273309733868,0.005235043633962258,0.004551924183629403,122.0
0.0028572716824827194,0.4861767415564136,0.0031345345945581827,0.0027831641044194833,0.0023413805346210715,0.0021695183468668456,0.48705673253461546,0.00409107476405336,0.0023464327952869724,0.00199399160488336,0.0027007915244650817,0.002348365957333788,123.0
0.0014517273220204048,0.0010583098680045553,0.9854292917608812,0.0014140746211929924,0.00118961249439279,0.0011022924697991821,0.001505417139608882,0.0020786000322670973,0.001192179455347754,0.0010131105524320391,0.0013722226245353947,0.0011931616595177183,124.0
0.00553835488462752,0.004037463191610409,0.006075783793762582,0.005394709438004185,0.004538384081636532,0.9425420694816082,0.005743182099067535,0.007929880816648012,0.004548177064470104,0.0038650273309733876,0.0052350436339622585,0.004551924183629405,125.0
0.0028572716824827194,0.002082952336347182,0.0031345345945581827,0.0027831641044194833,0.4864355026477421,0.0021695183468668456,0.0029629433145490765,0.00409107476405336,0.0023464327952869724,0.4860874479318951,0.0027007915244650817,0.002348365957333788,126.0
0.9438751670897492,0.004037463191610408,0.006075783793762581,0.005394709438004184,0.004538384081636531,0.004205257276486407,0.005743182099067534,0.00792988081664801,0.0045481770644701025,0.0038650273309733868,0.005235043633962258,0.004551924183629403,127.0
0.9438751670897492,0.004037463191610408,0.006075783793762581,0.005394709438004184,0.004538384081636531,0.004205257276486407,0.005743182099067534,0.00792988081664801,0.0045481770644701025,0.0038650273309733868,0.005235043633962258,0.004551924183629403,128.0
0.00285727168248272,0.0020829523363471826,0.0031345345945581835,0.9709707425445525,0.002341380534621072,0.002169518346866846,0.002962943314549077,0.004091074764053361,0.002346432795286973,0.0019939916048833605,0.002700791524465082,0.0023483659573337885,129.0
0.9438751670897492,0.004037463191610408,0.006075783793762581,0.005394709438004184,0.004538384081636531,0.004205257276486407,0.005743182099067534,0.00792988081664801,0.0045481770644701025,0.0038650273309733868,0.005235043633962258,0.004551924183629403,130.0
0.9438751670897492,0.004037463191610408,0.006075783793762581,0.005394709438004184,0.004538384081636531,0.004205257276486407,0.005743182099067534,0.00792988081664801,0.0045481770644701025,0.0038650273309733868,0.005235043633962258,0.004551924183629403,131.0
0.0028572716824827194,0.002082952336347182,0.0031345345945581827,0.0027831641044194833,0.0023413805346210715,0.0021695183468668456,0.9711505217546819,0.00409107476405336,0.0023464327952869724,0.00199399160488336,0.0027007915244650817,0.002348365957333788,132.0
0.0007317776345699459,0.0005334662233762932,0.0008027876120937702,0.992565298748346,0.0005996524305887336,0.0005556366983789339,0.0007588412622357173,0.0010477677121296545,0.0006009463682223125,0.0005106824348974734,0.0006917014035999248,0.0006014414715611137,133.0
0.0004891802883742354,0.0003566126493364232,0.0005366491910046997,0.0004764926722018068,0.0004008569476055359,0.0003714332161901221,0.0005072718404531333,0.0007004140156183006,0.0004017219218201475,0.00034138209336995586,0.0004623900432277181,0.9949555951207979,134.0
0.0006510583971439649,0.000474621863137327,0.0007142355700498567,0.0006341722321755192,0.0005335073550478494,0.0004943468085814747,0.0006751367526669963,0.0009321929709415421,0.9932858749369394,0.0004543512561836108,0.0006154028025120695,0.000535099054620066,135.0
0.00039177098352274534,0.0002856012224685152,0.0004297875167156268,0.9960196922070869,0.00032103525908060235,0.00029747060516979913,0.00040626000795780296,0.0005609422421411484,0.00032172799304154424,0.00027340349080926993,0.00037031541603708843,0.00032199305596889306,136.0
0.00016832139525772583,0.0001227063725367033,0.00018465490687297783,0.0001639557302720511,0.0001379303343230758,0.000127805961687394,0.00017454649336709255,0.9983669401129401,0.00013822796215094525,0.00011746571077711615,0.00015910317541214505,0.00013834184440266606,137.0
0.9985434784542859,0.00010477807814611774,0.00015767548059994813,0.0001400006044006418,0.00011777770827754324,0.00010913258019436583,0.00014904397990151363,0.00020579201158357462,0.00011803185051288342,0.00010030311522421125,0.00013585704313476315,0.00011812909373850882,138.0
0.000651058397143965,0.0004746218631373271,0.0007142355700498568,0.0006341722321755193,0.0005335073550478495,0.0004943468085814748,0.0006751367526669964,0.9936834093438842,0.0005346585639970234,0.00045435125618361087,0.0006154028025120696,0.0005350990546200661,139.0
0.0003267133357113051,0.9966005983545452,0.00035841682804231583,0.00031823954087444603,0.00026772401424945546,0.00024807251628793277,0.00033879630689466093,0.00046779194677309006,0.0002683017125289573,0.00022800199666197525,0.00030882068843103246,0.0002685227589994969,140.0
0.0002674878214419207,0.9972168306556294,0.0002934442094089431,0.0002605501281416995,0.0002191918893159358,0.00020310274999031332,0.00027738043152269586,0.00038299216791375985,0.00021966486435963354,0.00018667054786343542,0.00025283869415604224,0.00021984584025617397,141.0
0.0006510583971439649,0.000474621863137327,0.0007142355700498567,0.0006341722321755192,0.0005335073550478494,0.0004943468085814747,0.0006751367526669963,0.0009321929709415421,0.0005346585639970233,0.9932055676291262,0.0006154028025120695,0.000535099054620066,142.0
0.0004196238848590089,0.0003059060000184074,0.0004603431979735858,0.0004087403171552313,0.00034385921433178216,0.0003186192347638844,0.00043514300438793905,0.0006008223496090687,0.0003446011981133537,0.9956208135562263,0.00039664293691020995,0.0003448851056511353,143.0
0.0002030677745337985,0.00014803649859241433,0.00022277299292836224,0.00019780091067704586,0.00016640312414713186,0.00015418878967984184,0.00021057791201446816,0.00029075479692075974,0.9979058369564416,0.00014171401345037832,0.00019194664886620775,0.0001668995817479774,144.0
0.0009730608419662598,0.0007093617896427794,0.0010674843734505813,0.000947823066101826,0.0007973710474749614,0.9899049332495735,0.0010090479438931905,0.001393239809452651,0.0007990916248521617,0.0006790656841688665,0.0009197705947541532,0.0007997499746690392,145.0
0.0019252635535819452,0.0014035179929173028,0.0021120865927250257,0.0018753289883937292,0.0015776499784771242,0.9800262601809159,0.0019964663527809704,0.002756614705734559,0.0015810542516454366,0.0013435751967746322,0.001819825366888992,0.0015823568391644045,146.0
0.0008353450148232708,0.0006089668899704384,0.0009164049269126847,0.9915130767409704,0.0006845203308424926,0.0006342751187202877,0.0008662389167213814,0.0011960566894541123,0.0006859973975095241,0.0005829585464170652,0.0007895968555844506,0.0006865625720739708,147.0
0.000294149001069361,0.0002144347535335646,0.997047682985366,0.0002865198105402933,0.00024103929269463157,0.0002233465086449278,0.00030502763231897304,0.0004211659544047036,0.000241559410342921,0.0002052764678672378,0.0002780397586580587,0.00024175842455933667,148.0
0.00039177098352274534,0.0002856012224685152,0.0004297875167156268,0.00038160982211750746,0.00032103525908060235,0.00029747060516979913,0.00040626000795780296,0.0005609422421411484,0.00032172799304154424,0.00027340349080926993,0.9960083978010066,0.00032199305596889306,149.0
0.28681775312979496,0.0014035179929173028,0.0021120865927250257,0.0018753289883937292,0.0015776499784771242,0.0014618471976808078,0.0019964663527809704,0.002756614705734559,0.0015810542516454366,0.3275317128578455,0.001819825366888992,0.36906614258511555,150.0
0.0003267133357113052,0.00023817416807362358,0.996720841014514,0.00031823954087444614,0.0002677240142494555,0.0002480725162879328,0.000338796306894661,0.00046779194677309016,0.00026830171252895736,0.00022800199666197528,0.0003088206884310325,0.000268522758999497,151.0
0.0007317776345699459,0.0005334662233762932,0.9926552884639577,0.0007127978964822815,0.0005996524305887336,0.0005556366983789339,0.0007588412622357173,0.0010477677121296545,0.0006009463682223125,0.0005106824348974734,0.0006917014035999248,0.0006014414715611137,152.0
0.0004891802883742354,0.0003566126493364232,0.9950901914222369,0.0004764926722018068,0.0004008569476055359,0.0003714332161901221,0.0005072718404531333,0.0007004140156183006,0.0004017219218201475,0.00034138209336995586,0.0004623900432277181,0.0004020528895658236,153.0
