0.00910478841569117,0.0037182723516547512,0.00418936586988359,0.0036162163182125134,0.005419465662434922,0.0033846180055967,0.004324400670050991,0.002823924948949589,0.0034871463528687954,0.949615077866616,0.003263035384050672,0.00705368815399039,1.0
0.01726121243038378,0.007049245518470744,0.007942362955303301,0.006855763716080602,0.010274434043655738,0.45433616124539605,0.008198367187885679,0.005353706885409176,0.006611067849635136,0.008639361309078794,0.006186189547786637,0.46129212731091424,2.0
0.01726121243038378,0.007049245518470744,0.007942362955303301,0.006855763716080602,0.010274434043655738,0.006416690616293854,0.008198367187885679,0.005353706885409176,0.006611067849635136,0.008639361309078794,0.006186189547786637,0.9092115979400166,3.0
0.9131001536885737,0.007049245518470744,0.007942362955303301,0.006855763716080602,0.010274434043655738,0.006416690616293854,0.008198367187885679,0.005353706885409176,0.006611067849635136,0.008639361309078794,0.006186189547786637,0.013372656681826578,4.0
0.017261212431438994,0.007049245518470742,0.0079423629553033,0.0068557637160806,0.4581939046727506,0.006416690616293853,0.008198367187885677,0.005353706885409175,0.006611067849635134,0.4565588319371185,0.006186189547786636,0.013372656681826574,5.0
0.46518506933451204,0.007049245518470742,0.0079423629553033,0.0068557637160806,0.010274434043655736,0.006416690616293853,0.008198367187885677,0.4532687912394707,0.006611067849635134,0.008639361309078792,0.006186189547786636,0.013372656681826574,6.0
0.017261212430383775,0.007049245518470742,0.0079423629553033,0.0068557637160806,0.010274434043655736,0.9022556318744835,0.008198367187885677,0.005353706885409175,0.006611067849635134,0.008639361309078792,0.006186189547786636,0.013372656681826574,7.0
0.011921389815197452,0.004868534239275043,0.005485362353648361,0.9327964731467752,0.007095998259621221,0.004431662634874243,0.005662170689868295,0.003697517019425871,0.004565908521668505,0.005966741579436836,0.004272467960596489,0.00923577377961248,8.0
0.03126575112158529,0.01276850956237009,0.8257161941643769,0.01241805017810125,0.018610390146095966,0.011622743920358255,0.014849948063243065,0.009697329647741277,0.011974825225530842,0.015648733924602146,0.011205230430487722,0.024222293615506957,9.0
0.8425957053576069,0.01276850956237009,0.0143862399283554,0.01241805017810125,0.018610390146095966,0.011622743920358255,0.014849948063243065,0.009697329647741277,0.011974825225530842,0.015648733924602146,0.011205230430487722,0.024222293615506957,10.0
0.01726121243038378,0.007049245518470744,0.007942362955303301,0.006855763716080602,0.010274434043655738,0.006416690616293854,0.008198367187885679,0.005353706885409176,0.9024500091078251,0.008639361309078794,0.006186189547786637,0.013372656681826578,11.0
0.0312657511215853,0.012768509562370092,0.014386239928355403,0.012418050178101254,0.01861039014609597,0.011622743920358256,0.8261799022992633,0.009697329647741278,0.011974825225530844,0.015648733924602146,0.011205230430487725,0.024222293615508386,12.0
0.03126575112158529,0.01276850956237009,0.8257161941643769,0.01241805017810125,0.018610390146095966,0.011622743920358255,0.014849948063243065,0.009697329647741277,0.011974825225530842,0.015648733924602146,0.011205230430487722,0.024222293615506957,13.0
0.011921389815197452,0.004868534239275043,0.005485362353648361,0.00473490677841489,0.007095998259621221,0.004431662634874243,0.005662170689868295,0.003697517019425871,0.004565908521668505,0.005966741579436836,0.004272467960596489,0.9372973401479728,14.0
0.03126575112158535,0.012768509562370092,0.014386239928355403,0.012418050178101254,0.01861039014609597,0.011622743920358256,0.014849948063243069,0.821027283883763,0.011974825225530844,0.015648733924602146,0.011205230430487725,0.024222293615506964,15.0
0.9131001536885737,0.007049245518470744,0.007942362955303301,0.006855763716080602,0.010274434043655738,0.006416690616293854,0.008198367187885679,0.005353706885409176,0.006611067849635136,0.008639361309078794,0.006186189547786637,0.013372656681826578,16.0
0.03126575112158529,0.8240984637983916,0.0143862399283554,0.01241805017810125,0.018610390146095966,0.011622743920358255,0.014849948063243065,0.009697329647741277,0.011974825225530842,0.015648733924602146,0.011205230430487722,0.024222293615506957,17.0
0.8425957053576069,0.01276850956237009,0.0143862399283554,0.01241805017810125,0.018610390146095966,0.011622743920358255,0.014849948063243065,0.009697329647741277,0.011974825225530842,0.015648733924602146,0.011205230430487722,0.024222293615506957,18.0
0.03126575112158529,0.01276850956237009,0.8257161941643769,0.01241805017810125,0.018610390146095966,0.011622743920358255,0.014849948063243065,0.009697329647741277,0.011974825225530842,0.015648733924602146,0.011205230430487722,0.024222293615506957,19.0
0.0312657511215853,0.012768509562370092,0.014386239928355403,0.823748004414123,0.01861039014609597,0.011622743920358256,0.014849948063243069,0.009697329647741278,0.011974825225530844,0.015648733924602146,0.011205230430487725,0.024222293615506964,20.0
0.03126575112158529,0.01276850956237009,0.8257161941643769,0.01241805017810125,0.018610390146095966,0.011622743920358255,0.014849948063243065,0.009697329647741277,0.011974825225530842,0.015648733924602146,0.011205230430487722,0.024222293615506957,21.0
0.8425957053576069,0.01276850956237009,0.0143862399283554,0.01241805017810125,0.018610390146095966,0.011622743920358255,0.014849948063243065,0.009697329647741277,0.011974825225530842,0.015648733924602146,0.011205230430487722,0.024222293615506957,22.0
0.031265751121585306,0.012768509562370094,0.014386239928355405,0.012418050178101256,0.018610390146095973,0.011622743920358258,0.01484994806324307,0.00969732964774128,0.011974825225530845,0.01564873392460215,0.011205230430487727,0.8355522478515287,23.0
0.031265751121585306,0.012768509562370094,0.014386239928355405,0.012418050178101256,0.018610390146095973,0.011622743920358258,0.01484994806324307,0.00969732964774128,0.8233047794615527,0.01564873392460215,0.011205230430487727,0.024222293615506967,24.0
0.017261212430383775,0.007049245518470742,0.0079423629553033,0.0068557637160806,0.010274434043655736,0.006416690616293853,0.9040373084460754,0.005353706885409175,0.006611067849635134,0.008639361309078792,0.006186189547786636,0.013372656681826574,25.0
0.01726121243038378,0.007049245518470744,0.007942362955303301,0.006855763716080602,0.010274434043655738,0.006416690616293854,0.008198367187885679,0.005353706885409176,0.006611067849635136,0.008639361309078794,0.006186189547786637,0.9092115979400166,26.0
0.24536121476250516,0.0037182723516547512,0.00418936586988359,0.0036162163182125134,0.005419465662434922,0.0033846180055967,0.004324400670050991,0.002823924948949589,0.0034871463528687954,0.004557012265686033,0.003263035384050672,0.7158553274081063,27.0
0.8425957053576069,0.01276850956237009,0.0143862399283554,0.01241805017810125,0.018610390146095966,0.011622743920358255,0.014849948063243065,0.009697329647741277,0.011974825225530842,0.015648733924602146,0.011205230430487722,0.024222293615506957,28.0
0.011921389815197452,0.004868534239275043,0.9335469287220087,0.00473490677841489,0.007095998259621221,0.004431662634874243,0.005662170689868295,0.003697517019425871,0.004565908521668505,0.005966741579436836,0.004272467960596489,0.00923577377961248,29.0
0.9399829561835576,0.004868534239275043,0.005485362353648361,0.00473490677841489,0.007095998259621221,0.004431662634874243,0.005662170689868295,0.003697517019425871,0.004565908521668505,0.005966741579436836,0.004272467960596489,0.00923577377961248,30.0
0.01726121243038378,0.007049245518470744,0.007942362955303301,0.006855763716080602,0.010274434043655738,0.006416690616293854,0.008198367187885679,0.005353706885409176,0.006611067849635136,0.4565709161955252,0.006186189547786637,0.46128004305357007,31.0
0.017261212431438994,0.007049245518470742,0.0079423629553033,0.0068557637160806,0.010274434043655736,0.006416690616293853,0.008198367187885677,0.45327317751449686,0.006611067849635134,0.45655883193712576,0.006186189547786636,0.013372656681826574,32.0
0.011921389815197452,0.004868534239275043,0.005485362353648361,0.00473490677841489,0.007095998259621221,0.004431662634874243,0.005662170689868295,0.003697517019425871,0.004565908521668505,0.005966741579436836,0.004272467960596489,0.9372973401479728,33.0
0.0312657511215853,0.012768509562370092,0.014386239928355403,0.012418050178101254,0.8299403443821176,0.011622743920358256,0.014849948063243069,0.009697329647741278,0.011974825225530844,0.015648733924602146,0.011205230430487725,0.024222293615506964,34.0
0.031265751121585306,0.012768509562370094,0.014386239928355405,0.012418050178101256,0.018610390146095973,0.011622743920358258,0.01484994806324307,0.00969732964774128,0.011974825225530845,0.01564873392460215,0.011205230430487727,0.8355522478515287,35.0
0.009104788416114104,0.0037182723516547512,0.00418936586988359,0.0036162163182125134,0.005419465662434922,0.0033846180055967,0.004324400670050991,0.002823924948949589,0.9485452119533757,0.004557012265686033,0.003263035384050672,0.00705368815399039,36.0
0.01726121243038378,0.007049245518470744,0.007942362955303301,0.006855763716080602,0.010274434043655738,0.006416690616293854,0.008198367187885679,0.005353706885409176,0.006611067849635136,0.9044783025672687,0.006186189547786637,0.013372656681826578,37.0
0.9131001536885737,0.007049245518470744,0.007942362955303301,0.006855763716080602,0.010274434043655738,0.006416690616293854,0.008198367187885679,0.005353706885409176,0.006611067849635136,0.008639361309078794,0.006186189547786637,0.013372656681826578,38.0
0.9131001536885737,0.007049245518470744,0.007942362955303301,0.006855763716080602,0.010274434043655738,0.006416690616293854,0.008198367187885679,0.005353706885409176,0.006611067849635136,0.008639361309078794,0.006186189547786637,0.013372656681826578,39.0
0.01192138981519745,0.004868534239275042,0.00548536235364836,0.31369761752741754,0.0070959982596212196,0.004431662634874242,0.6247610263092259,0.0036975170194258706,0.004565908521668505,0.0059667415794368356,0.004272467960596488,0.009235773779612478,40.0
0.009104788415691168,0.0037182723516547504,0.004189365869883589,0.9486742819191423,0.00541946566243492,0.003384618005596699,0.00432440067005099,0.0028239249489495884,0.0034871463528687945,0.004557012265686032,0.003263035384050671,0.007053688153990389,41.0
0.9399829561835576,0.004868534239275043,0.005485362353648361,0.00473490677841489,0.007095998259621221,0.004431662634874243,0.005662170689868295,0.003697517019425871,0.004565908521668505,0.005966741579436836,0.004272467960596489,0.00923577377961248,42.0
0.007364757537652689,0.0030076672931466587,0.003388729365202706,0.9584832231290529,0.004383742791725007,0.0027377781702026555,0.0034979574457437513,0.002284240072806038,0.0028207121587722206,0.003686114262144469,0.0026394314006132043,0.005705646372937557,43.0
0.4651806830594787,0.007049245518470742,0.0079423629553033,0.0068557637160806,0.010274434043655736,0.006416690616293853,0.008198367187885677,0.005353706885409175,0.45453053847873004,0.008639361309078792,0.006186189547786636,0.013372656681826574,44.0
0.017261212430383775,0.007049245518470742,0.0079423629553033,0.0068557637160806,0.010274434043655736,0.006416690616293853,0.9040373084460754,0.005353706885409175,0.006611067849635134,0.008639361309078792,0.006186189547786636,0.013372656681826574,45.0
0.8425957053576069,0.01276850956237009,0.0143862399283554,0.01241805017810125,0.018610390146095966,0.011622743920358255,0.014849948063243065,0.009697329647741277,0.011974825225530842,0.015648733924602146,0.011205230430487722,0.024222293615506957,46.0
0.011921389815197452,0.004868534239275043,0.005485362353648361,0.00473490677841489,0.007095998259621221,0.004431662634874243,0.005662170689868295,0.003697517019425871,0.004565908521668505,0.005966741579436836,0.9323340343289568,0.00923577377961248,47.0
0.9131001536885737,0.007049245518470744,0.007942362955303301,0.006855763716080602,0.010274434043655738,0.006416690616293854,0.008198367187885679,0.005353706885409176,0.006611067849635136,0.008639361309078794,0.006186189547786637,0.013372656681826578,48.0
0.9131001536885737,0.007049245518470744,0.007942362955303301,0.006855763716080602,0.010274434043655738,0.006416690616293854,0.008198367187885679,0.005353706885409176,0.006611067849635136,0.008639361309078794,0.006186189547786637,0.013372656681826578,49.0
0.031265751121585306,0.012768509562370094,0.014386239928355405,0.012418050178101256,0.018610390146095973,0.011622743920358258,0.01484994806324307,0.00969732964774128,0.011974825225530845,0.01564873392460215,0.011205230430487727,0.8355522478515287,50.0
0.031265751121585306,0.012768509562370094,0.014386239928355405,0.012418050178101256,0.018610390146095973,0.011622743920358258,0.01484994806324307,0.00969732964774128,0.011974825225530845,0.01564873392460215,0.011205230430487727,0.8355522478515287,51.0
0.00736475753765269,0.0030076672931466596,0.0033887293652027062,0.0029251153537450457,0.004383742791725008,0.002737778170202656,0.0034979574457437517,0.0022842400728060384,0.002820712158772221,0.9592442220374525,0.0026394314006132047,0.0057056463729375576,52.0
0.031265751121585306,0.012768509562370094,0.014386239928355405,0.012418050178101256,0.018610390146095973,0.011622743920358258,0.01484994806324307,0.00969732964774128,0.011974825225530845,0.01564873392460215,0.011205230430487727,0.8355522478515287,53.0
0.01192138981519745,0.004868534239275042,0.00548536235364836,0.0047349067784148895,0.0070959982596212196,0.6636284083753026,0.005662170689868294,0.0036975170194258706,0.004565908521668505,0.0059667415794368356,0.004272467960596488,0.27810059440754437,54.0
0.00910478841569117,0.0037182723516547512,0.00418936586988359,0.0036162163182125134,0.4779484984629244,0.0033846180055967,0.004324400670050991,0.002823924948949589,0.0034871463528687954,0.004557012265686033,0.47579206818449105,0.00705368815399039,55.0
0.007364757537917593,0.0030076672931466596,0.0033887293652027062,0.0029251153537450457,0.004383742791725008,0.002737778170202656,0.0034979574457437517,0.0022842400728060384,0.002820712158772221,0.00368611426214447,0.9581975391756564,0.0057056463729375576,56.0
0.9541628540166207,0.0037182723516547495,0.004189365869883588,0.003616216318212512,0.0054194656624349195,0.0033846180055966983,0.0043244006700509895,0.0028239249489495875,0.003487146352868794,0.0045570122656860305,0.0032630353840506707,0.007053688153990387,57.0
0.031265751121585306,0.012768509562370094,0.014386239928355405,0.012418050178101256,0.018610390146095973,0.011622743920358258,0.01484994806324307,0.00969732964774128,0.011974825225530845,0.01564873392460215,0.011205230430487727,0.8355522478515287,58.0
0.031265751121585306,0.012768509562370094,0.014386239928355405,0.012418050178101256,0.018610390146095973,0.011622743920358258,0.01484994806324307,0.00969732964774128,0.011974825225530845,0.01564873392460215,0.8225351846665095,0.024222293615506967,59.0
0.01192138981519745,0.004868534239275042,0.3148392528869828,0.0047349067784148895,0.0070959982596212196,0.004431662634874242,0.3150159910687742,0.0036975170194258706,0.004565908521668505,0.0059667415794368356,0.004272467960596488,0.3185896292357324,60.0
0.8425957053576069,0.01276850956237009,0.0143862399283554,0.01241805017810125,0.018610390146095966,0.011622743920358255,0.014849948063243065,0.009697329647741277,0.011974825225530842,0.015648733924602146,0.011205230430487722,0.024222293615506957,61.0
0.00736475753765269,0.0030076672931466596,0.0033887293652027062,0.0029251153537450457,0.004383742791725008,0.002737778170202656,0.9590560652210517,0.0022842400728060384,0.002820712158772221,0.00368611426214447,0.0026394314006132047,0.0057056463729375576,62.0
0.01726121243038378,0.007049245518470744,0.007942362955303301,0.006855763716080602,0.010274434043655738,0.006416690616293854,0.008198367187885679,0.005353706885409176,0.006611067849635136,0.9044783025672687,0.006186189547786637,0.013372656681826578,63.0
0.00736475753765269,0.0030076672931466596,0.0033887293652027062,0.0029251153537450457,0.004383742791725008,0.002737778170202656,0.0034979574457437517,0.0022842400728060384,0.002820712158772221,0.00368611426214447,0.0026394314006132047,0.9612637541482455,64.0
0.031265751121585306,0.012768509562370094,0.014386239928355405,0.012418050178101256,0.018610390146095973,0.011622743920358258,0.01484994806324307,0.00969732964774128,0.011974825225530845,0.01564873392460215,0.011205230430487727,0.8355522478515287,65.0
0.8425957053576069,0.01276850956237009,0.0143862399283554,0.01241805017810125,0.018610390146095966,0.011622743920358255,0.014849948063243065,0.009697329647741277,0.011974825225530842,0.015648733924602146,0.011205230430487722,0.024222293615506957,66.0
0.031265751121585306,0.012768509562370094,0.014386239928355405,0.012418050178101256,0.018610390146095973,0.011622743920358258,0.01484994806324307,0.00969732964774128,0.8233047794615527,0.01564873392460215,0.011205230430487727,0.024222293615506967,67.0
0.9131001536885737,0.007049245518470744,0.007942362955303301,0.006855763716080602,0.010274434043655738,0.006416690616293854,0.008198367187885679,0.005353706885409176,0.006611067849635136,0.008639361309078794,0.006186189547786637,0.013372656681826578,68.0
0.0312657511215853,0.012768509562370092,0.014386239928355403,0.823748004414123,0.01861039014609597,0.011622743920358256,0.014849948063243069,0.009697329647741278,0.011974825225530844,0.015648733924602146,0.011205230430487725,0.024222293615506964,69.0
0.8425957053576069,0.01276850956237009,0.0143862399283554,0.01241805017810125,0.018610390146095966,0.011622743920358255,0.014849948063243065,0.009697329647741277,0.011974825225530842,0.015648733924602146,0.011205230430487722,0.024222293615506957,70.0
0.031265751121585306,0.012768509562370094,0.014386239928355405,0.012418050178101256,0.018610390146095973,0.011622743920358258,0.01484994806324307,0.00969732964774128,0.011974825225530845,0.01564873392460215,0.011205230430487727,0.8355522478515287,71.0
0.00910478841569117,0.0037182723516547512,0.00418936586988359,0.0036162163182125134,0.005419465662434922,0.0033846180055967,0.004324400670050991,0.002823924948949589,0.0034871463528687954,0.949615077866616,0.003263035384050672,0.00705368815399039,72.0
0.0312657511215853,0.012768509562370092,0.014386239928355403,0.823748004414123,0.01861039014609597,0.011622743920358256,0.014849948063243069,0.009697329647741278,0.011974825225530844,0.015648733924602146,0.011205230430487725,0.024222293615506964,73.0
0.031265751121585306,0.012768509562370094,0.014386239928355405,0.012418050178101256,0.018610390146095973,0.011622743920358258,0.01484994806324307,0.00969732964774128,0.011974825225530845,0.01564873392460215,0.011205230430487727,0.8355522478515287,74.0
0.0312657511215853,0.012768509562370092,0.014386239928355403,0.012418050178101254,0.8299403443821176,0.011622743920358256,0.014849948063243069,0.009697329647741278,0.011974825225530844,0.015648733924602146,0.011205230430487725,0.024222293615506964,75.0
0.017261212430383775,0.4549687161475656,0.0079423629553033,0.0068557637160806,0.010274434043655736,0.4543361612453887,0.008198367187885677,0.005353706885409175,0.006611067849635134,0.008639361309078792,0.006186189547786636,0.013372656681826574,76.0
0.9399829561835576,0.004868534239275043,0.005485362353648361,0.00473490677841489,0.007095998259621221,0.004431662634874243,0.005662170689868295,0.003697517019425871,0.004565908521668505,0.005966741579436836,0.004272467960596489,0.00923577377961248,77.0
0.8425957053576069,0.01276850956237009,0.0143862399283554,0.01241805017810125,0.018610390146095966,0.011622743920358255,0.014849948063243065,0.009697329647741277,0.011974825225530842,0.015648733924602146,0.011205230430487722,0.024222293615506957,78.0
0.9399829561835576,0.004868534239275043,0.005485362353648361,0.00473490677841489,0.007095998259621221,0.004431662634874243,0.005662170689868295,0.003697517019425871,0.004565908521668505,0.005966741579436836,0.004272467960596489,0.00923577377961248,79.0
0.00910478841569117,0.0037182723516547512,0.7129830325427581,0.0036162163182125134,0.005419465662434922,0.0033846180055967,0.24058879959810628,0.002823924948949589,0.0034871463528687954,0.004557012265686033,0.003263035384050672,0.007053688153990531,80.0
0.01726121243038378,0.007049245518470744,0.007942362955303301,0.006855763716080602,0.9061133753018457,0.006416690616293854,0.008198367187885679,0.005353706885409176,0.006611067849635136,0.008639361309078794,0.006186189547786637,0.013372656681826578,81.0
0.9131001536885737,0.007049245518470744,0.007942362955303301,0.006855763716080602,0.010274434043655738,0.006416690616293854,0.008198367187885679,0.005353706885409176,0.006611067849635136,0.008639361309078794,0.006186189547786637,0.013372656681826578,82.0
0.017261212430383775,0.007049245518470742,0.0079423629553033,0.45477523437147005,0.010274434043655736,0.006416690616293853,0.45611783779068604,0.005353706885409175,0.006611067849635134,0.008639361309078792,0.006186189547786636,0.013372656681826574,83.0
0.8425957053576069,0.01276850956237009,0.0143862399283554,0.01241805017810125,0.018610390146095966,0.011622743920358255,0.014849948063243065,0.009697329647741277,0.011974825225530842,0.015648733924602146,0.011205230430487722,0.024222293615506957,84.0
0.8425957053576069,0.01276850956237009,0.0143862399283554,0.01241805017810125,0.018610390146095966,0.011622743920358255,0.014849948063243065,0.009697329647741277,0.011974825225530842,0.015648733924602146,0.011205230430487722,0.024222293615506957,85.0
0.011921389815197452,0.004868534239275043,0.005485362353648361,0.00473490677841489,0.007095998259621221,0.004431662634874243,0.005662170689868295,0.003697517019425871,0.004565908521668505,0.9340283079477971,0.004272467960596489,0.00923577377961248,86.0
0.011921389815197452,0.004868534239275043,0.005485362353648361,0.9327964731467752,0.007095998259621221,0.004431662634874243,0.005662170689868295,0.003697517019425871,0.004565908521668505,0.005966741579436836,0.004272467960596489,0.00923577377961248,87.0
0.8425957053576069,0.01276850956237009,0.0143862399283554,0.01241805017810125,0.018610390146095966,0.011622743920358255,0.014849948063243065,0.009697329647741277,0.011974825225530842,0.015648733924602146,0.011205230430487722,0.024222293615506957,88.0
0.4443387679060018,0.007049245518470742,0.0079423629553033,0.0068557637160806,0.010274434043655736,0.006416690616293853,0.4769597529704574,0.005353706885409175,0.006611067849635134,0.008639361309078792,0.006186189547786636,0.013372656681826574,89.0
0.8425957053576069,0.01276850956237009,0.0143862399283554,0.01241805017810125,0.018610390146095966,0.011622743920358255,0.014849948063243065,0.009697329647741277,0.011974825225530842,0.015648733924602146,0.011205230430487722,0.024222293615506957,90.0
0.031265751121585306,0.012768509562370094,0.014386239928355405,0.012418050178101256,0.018610390146095973,0.011622743920358258,0.01484994806324307,0.00969732964774128,0.8233047794615527,0.01564873392460215,0.011205230430487727,0.024222293615506967,91.0
0.031265751121585306,0.012768509562370094,0.014386239928355405,0.012418050178101256,0.018610390146095973,0.011622743920358258,0.01484994806324307,0.00969732964774128,0.011974825225530845,0.01564873392460215,0.011205230430487727,0.8355522478515287,92.0
0.8425957053576069,0.01276850956237009,0.0143862399283554,0.01241805017810125,0.018610390146095966,0.011622743920358255,0.014849948063243065,0.009697329647741277,0.011974825225530842,0.015648733924602146,0.011205230430487722,0.024222293615506957,93.0
0.01726121243038378,0.007049245518470744,0.007942362955303301,0.006855763716080602,0.010274434043655738,0.006416690616293854,0.008198367187885679,0.005353706885409176,0.006611067849635136,0.9044783025672687,0.006186189547786637,0.013372656681826578,94.0
0.9131001536885737,0.007049245518470744,0.007942362955303301,0.006855763716080602,0.010274434043655738,0.006416690616293854,0.008198367187885679,0.005353706885409176,0.006611067849635136,0.008639361309078794,0.006186189547786637,0.013372656681826578,95.0
0.26993604356579864,0.004868534239275042,0.00548536235364836,0.0047349067784148895,0.0070959982596212196,0.004431662634874242,0.005662170689868294,0.0036975170194258706,0.004565908521668505,0.6760136541971958,0.004272467960596488,0.009235773779612478,96.0
0.0312657511215853,0.012768509562370092,0.014386239928355403,0.012418050178101254,0.01861039014609597,0.011622743920358256,0.8261799022992647,0.009697329647741278,0.011974825225530844,0.015648733924602146,0.011205230430487725,0.024222293615506964,97.0
0.0312657511215853,0.012768509562370092,0.014386239928355403,0.012418050178101254,0.01861039014609597,0.011622743920358256,0.8261799022992647,0.009697329647741278,0.011974825225530844,0.015648733924602146,0.011205230430487725,0.024222293615506964,98.0
0.011921389815197452,0.004868534239275043,0.9335469287220087,0.00473490677841489,0.007095998259621221,0.004431662634874243,0.005662170689868295,0.003697517019425871,0.004565908521668505,0.005966741579436836,0.004272467960596489,0.00923577377961248,99.0
0.0312657511215853,0.012768509562370092,0.014386239928355403,0.012418050178101254,0.01861039014609597,0.011622743920358256,0.8261799022992647,0.009697329647741278,0.011974825225530844,0.015648733924602146,0.011205230430487725,0.024222293615506964,100.0
0.031265751121585306,0.012768509562370094,0.014386239928355405,0.012418050178101256,0.018610390146095973,0.011622743920358258,0.01484994806324307,0.00969732964774128,0.011974825225530845,0.8269786881606239,0.011205230430487727,0.024222293615506967,101.0
0.031265751121585306,0.012768509562370094,0.014386239928355405,0.012418050178101256,0.018610390146095973,0.011622743920358258,0.01484994806324307,0.00969732964774128,0.011974825225530845,0.01564873392460215,0.011205230430487727,0.8355522478515287,102.0
0.011921389815197452,0.004868534239275043,0.005485362353648361,0.00473490677841489,0.007095998259621221,0.004431662634874243,0.005662170689868295,0.003697517019425871,0.9326274748900288,0.005966741579436836,0.004272467960596489,0.00923577377961248,103.0
0.8425957053576069,0.01276850956237009,0.0143862399283554,0.01241805017810125,0.018610390146095966,0.011622743920358255,0.014849948063243065,0.009697329647741277,0.011974825225530842,0.015648733924602146,0.011205230430487722,0.024222293615506957,104.0
0.031265751121585306,0.012768509562370094,0.014386239928355405,0.012418050178101256,0.018610390146095973,0.011622743920358258,0.01484994806324307,0.00969732964774128,0.011974825225530845,0.01564873392460215,0.011205230430487727,0.8355522478515287,105.0
0.01726121243038378,0.007049245518470744,0.007942362955303301,0.006855763716080602,0.9061133753018457,0.006416690616293854,0.008198367187885679,0.005353706885409176,0.006611067849635136,0.008639361309078794,0.006186189547786637,0.013372656681826578,106.0
0.031265751121585306,0.012768509562370094,0.014386239928355405,0.012418050178101256,0.018610390146095973,0.011622743920358258,0.01484994806324307,0.00969732964774128,0.011974825225530845,0.01564873392460215,0.011205230430487727,0.8355522478515287,107.0
0.031265751121585306,0.012768509562370094,0.014386239928355405,0.012418050178101256,0.018610390146095973,0.011622743920358258,0.01484994806324307,0.00969732964774128,0.011974825225530845,0.01564873392460215,0.011205230430487727,0.8355522478515287,108.0
0.031265751121585306,0.012768509562370094,0.014386239928355405,0.012418050178101256,0.018610390146095973,0.011622743920358258,0.01484994806324307,0.00969732964774128,0.011974825225530845,0.01564873392460215,0.011205230430487727,0.8355522478515287,109.0
0.8425957053576069,0.01276850956237009,0.0143862399283554,0.01241805017810125,0.018610390146095966,0.011622743920358255,0.014849948063243065,0.009697329647741277,0.011974825225530842,0.015648733924602146,0.011205230430487722,0.024222293615506957,110.0
0.8425957053576069,0.01276850956237009,0.0143862399283554,0.01241805017810125,0.018610390146095966,0.011622743920358255,0.014849948063243065,0.009697329647741277,0.011974825225530842,0.015648733924602146,0.011205230430487722,0.024222293615506957,111.0
0.9131001536885737,0.007049245518470744,0.007942362955303301,0.006855763716080602,0.010274434043655738,0.006416690616293854,0.008198367187885679,0.005353706885409176,0.006611067849635136,0.008639361309078794,0.006186189547786637,0.013372656681826578,112.0
0.0312657511236315,0.012768509562370092,0.014386239928355403,0.012418050178101254,0.8299403443800714,0.011622743920358256,0.014849948063243069,0.009697329647741278,0.011974825225530844,0.015648733924602146,0.011205230430487725,0.024222293615506964,113.0
0.8425957053576069,0.01276850956237009,0.0143862399283554,0.01241805017810125,0.018610390146095966,0.011622743920358255,0.014849948063243065,0.009697329647741277,0.011974825225530842,0.015648733924602146,0.011205230430487722,0.024222293615506957,114.0
0.32127514113692074,0.6235763492859118,0.00548536235364836,0.0047349067784148895,0.0070959982596212196,0.004431662634874242,0.005662170689868294,0.0036975170194258706,0.004565908521668505,0.0059667415794368356,0.004272467960596488,0.00923577377961263,115.0
0.011921389815197452,0.004868534239275043,0.005485362353648361,0.00473490677841489,0.007095998259621221,0.004431662634874243,0.005662170689868295,0.003697517019425871,0.004565908521668505,0.005966741579436836,0.004272467960596489,0.9372973401479728,116.0
0.011921389815197452,0.9329301006076354,0.005485362353648361,0.00473490677841489,0.007095998259621221,0.004431662634874243,0.005662170689868295,0.003697517019425871,0.004565908521668505,0.005966741579436836,0.004272467960596489,0.009235773779612572,117.0
0.03126575112158529,0.01276850956237009,0.8257161941643769,0.01241805017810125,0.018610390146095966,0.011622743920358255,0.014849948063243065,0.009697329647741277,0.011974825225530842,0.015648733924602146,0.011205230430487722,0.024222293615506957,118.0
0.0312657511215853,0.012768509562370092,0.014386239928355403,0.012418050178101254,0.01861039014609597,0.8229526981563798,0.014849948063243069,0.009697329647741278,0.011974825225530844,0.015648733924602146,0.011205230430487725,0.024222293615506964,119.0
0.009104788415691168,0.0037182723516547504,0.949247431470813,0.003616216318212513,0.00541946566243492,0.003384618005596699,0.00432440067005099,0.0028239249489495884,0.0034871463528687945,0.004557012265686032,0.003263035384050671,0.00705368815399049,120.0
0.01726121243038378,0.007049245518470744,0.007942362955303301,0.006855763716080602,0.9061133753018457,0.006416690616293854,0.008198367187885679,0.005353706885409176,0.006611067849635136,0.008639361309078794,0.006186189547786637,0.013372656681826578,121.0
0.031265751121585306,0.012768509562370094,0.014386239928355405,0.012418050178101256,0.018610390146095973,0.011622743920358258,0.01484994806324307,0.00969732964774128,0.011974825225530845,0.01564873392460215,0.011205230430487727,0.8355522478515287,122.0
0.017261212430383775,0.007049245518470742,0.0079423629553033,0.0068557637160806,0.010274434043655736,0.006416690616293853,0.008198367187885677,0.45327317751434587,0.006611067849635134,0.4565588319383319,0.006186189547786636,0.013372656681826574,123.0
0.00910478841569117,0.0037182723516547512,0.00418936586988359,0.0036162163182125134,0.005419465662434922,0.0033846180055967,0.004324400670050991,0.002823924948949589,0.0034871463528687954,0.004557012265686033,0.9483211009849806,0.00705368815399039,124.0
0.03126575112158529,0.8240984637983916,0.0143862399283554,0.01241805017810125,0.018610390146095966,0.011622743920358255,0.014849948063243065,0.009697329647741277,0.011974825225530842,0.015648733924602146,0.011205230430487722,0.024222293615506957,125.0
0.017261212431513448,0.45496869839818593,0.0079423629553033,0.0068557637160806,0.45819392242100065,0.006416690616293853,0.008198367187885677,0.005353706885409175,0.006611067849635134,0.008639361309078792,0.006186189547786636,0.013372656681826574,126.0
0.031265751121585306,0.012768509562370094,0.014386239928355405,0.012418050178101256,0.018610390146095973,0.011622743920358258,0.01484994806324307,0.00969732964774128,0.011974825225530845,0.01564873392460215,0.011205230430487727,0.8355522478515287,127.0
0.031265751121585306,0.012768509562370094,0.014386239928355405,0.012418050178101256,0.018610390146095973,0.011622743920358258,0.01484994806324307,0.00969732964774128,0.011974825225530845,0.01564873392460215,0.011205230430487727,0.8355522478515287,128.0
0.017261212430383775,0.007049245518470742,0.0079423629553033,0.0068557637160806,0.010274434043655736,0.006416690616293853,0.9040373084460754,0.005353706885409175,0.006611067849635134,0.008639361309078792,0.006186189547786636,0.013372656681826574,129.0
0.031265751121585306,0.012768509562370094,0.014386239928355405,0.012418050178101256,0.018610390146095973,0.011622743920358258,0.01484994806324307,0.00969732964774128,0.011974825225530845,0.01564873392460215,0.011205230430487727,0.8355522478515287,130.0
0.031265751121585306,0.012768509562370094,0.014386239928355405,0.012418050178101256,0.018610390146095973,0.011622743920358258,0.01484994806324307,0.00969732964774128,0.011974825225530845,0.01564873392460215,0.011205230430487727,0.8355522478515287,131.0
0.01726121243038378,0.007049245518470744,0.007942362955303301,0.006855763716080602,0.010274434043655738,0.006416690616293854,0.008198367187885679,0.005353706885409176,0.006611067849635136,0.008639361309078794,0.006186189547786637,0.9092115979400166,132.0
0.004173976142189097,0.001704595359868131,0.0019205622792573093,0.0016578090503674928,0.0024844861127614895,0.0015516357064857531,0.976795026032976,0.0012945930016269756,0.001598638542342353,0.0020891051618350713,0.001495897677388522,0.0032336749329020757,133.0
0.0029122456418468135,0.0011893217015997827,0.0013400050544378846,0.0011566781930364498,0.0017334631554195446,0.0010825994615187608,0.9838095422680266,0.0009032569182244381,0.001115394043762204,0.0014575999468206865,0.0010437102041791976,0.002256183411127676,134.0
0.004173976142189097,0.001704595359868131,0.0019205622792573093,0.0016578090503674928,0.9772970448546852,0.0015516357064857531,0.0019824672910522725,0.0012945930016269756,0.001598638542342353,0.0020891051618350713,0.001495897677388522,0.0032336749329020757,135.0
0.0022362582509631796,0.0009132576009549132,0.0010289644926492812,0.0008881912692154015,0.0013310935136664256,0.0008313076148293542,0.0010621308521795143,0.0006935938737803061,0.000856489953185477,0.9876247867934265,0.0008014452909408097,0.0017324804942087351,136.0
0.0010635857889970007,0.0004343540401200823,0.0004893853432536509,0.0004224322532653516,0.0006330807921380679,0.0003953778437827046,0.0005051595807119201,0.0003298798728463992,0.0004073548044926027,0.0005323323579556028,0.00038117503724181037,0.9944058822851948,137.0
0.0008913752317088199,0.0003640255794742869,0.00041014648583648895,0.0003540341094583467,0.000530575477434003,0.9949524455980421,0.00042336663668376533,0.0002764673533061088,0.00034139792671448093,0.00044613973205850314,0.00031945705805964595,0.0006905688112234572,138.0
0.0041739761422587745,0.001704595359868131,0.0019205622792573093,0.0016578090503674928,0.671203063279807,0.0015516357064857531,0.3080764488658607,0.0012945930016269756,0.001598638542342353,0.0020891051618350713,0.001495897677388522,0.003233674932902081,139.0
0.0019046749020002489,0.0007778434493442445,0.0008763937900743311,0.0007564938521196696,0.0011337243390993237,0.0007080446764515076,0.0009046423756565512,0.9890971805156273,0.0007294930792997281,0.0009533035249200544,0.0006826102174394907,0.00147559527796742,140.0
0.0017333337465770466,0.0007078700406678608,0.0007975549686045159,0.0006884410151122134,0.0010317365206340024,0.0006443502408317859,0.0008232623618360891,0.0005376077057847377,0.9902042401787455,0.0008675460409454782,0.0006212038203658427,0.001342853359894817,141.0
0.0037660642802534896,0.0015380096767199916,0.001732870709251289,0.0014957956718927318,0.0022416837292102074,0.001399998373516613,0.0017887259048124714,0.0011680757854874728,0.9787164697891443,0.0018849423330804967,0.0013497074774300054,0.002917656269201044,142.0
0.0027076268745687007,0.0011057581666538815,0.0012458542800565008,0.9847365048711331,0.0016116674219603074,0.0010065343919809316,0.001286011594783898,0.0008397927260301428,0.0010370247774577218,0.001355186778096484,0.000970377552464354,0.0020976605648140617,143.0
0.0012746667585355439,0.0005205566510085851,0.0005865095562743655,0.9928144198735434,0.0007587230381974705,0.0004738451752068884,0.0006054143746138486,0.0003953483701834225,0.0004881991030641781,0.000637979905526519,0.0004568236565263974,0.0009875135373195842,144.0
0.00618309602926852,0.0025250927274305195,0.0028450141060487122,0.9651445119671113,0.003680379497936382,0.00229850680713562,0.0029367167463087763,0.0019177380452587954,0.0023681341930738833,0.003094684155068561,0.002215939591931176,0.004790186133427631,145.0
0.3212752452713175,0.004868534239275042,0.00548536235364836,0.0047349067784148895,0.31644985371574125,0.004431662634874242,0.005662170689868294,0.0036975170194258706,0.3139197639777886,0.0059667415794368356,0.004272467960596488,0.009235773779612478,146.0
0.005328196855582707,0.002175963476333349,0.0024516512669673887,0.002116239448530239,0.0031715157544748005,0.001980706216488167,0.0025306747395399324,0.001652584041103446,0.0020407066462182853,0.9705143303256546,0.0019095550691755503,0.004127876159931557,147.0
0.9916493112700484,0.000677401141709683,0.0007632257551106429,0.0006588084010403862,0.0009873274144525908,0.0006166154289967516,0.0007878266232431852,0.0005144674202441341,0.0006352942165978846,0.0008302041968999304,0.0005944653015025451,0.001285052830153963,148.0
0.0025298741075312947,0.816070662675629,0.0011640652980807753,0.0010048088558332535,0.0015058632040548252,0.0009404565010417579,0.0012015863286592079,0.0007846612445783073,0.0009689452257881447,0.0012662202362289645,0.17060290489828603,0.0019599514242884283,149.0
0.011921389815197452,0.004868534239275043,0.005485362353648361,0.00473490677841489,0.007095998259621221,0.004431662634874243,0.005662170689868295,0.003697517019425871,0.004565908521668505,0.005966741579436836,0.004272467960596489,0.9372973401479728,150.0
0.0021136062376071094,0.9881088228883651,0.0009725288968593682,0.0008394766597107416,0.0012580870532564665,0.000785712902025618,0.0010038761817046703,0.0006555523438901515,0.0008095140651529903,0.00105787516520857,0.0007574884364425454,0.001637459169776669,151.0
0.004680985404594314,0.0019116510799414021,0.9739069134093016,0.0018591816780005879,0.002786274486237802,0.0017401115501150942,0.0022232758736253767,0.0014518460908143284,0.0017928237796805489,0.002342866954091746,0.0016776030709615606,0.003626466622635838,152.0
0.0029122456419002226,0.0011893217015997832,0.001340005054437885,0.00115667819303645,0.001733463155419545,0.0010825994615187612,0.0013831971079298268,0.9833296020782679,0.0011153940437622042,0.001457599946820687,0.001043710204179198,0.0022561834111276724,153.0
0.0031503192267680713,0.0012865477312527585,0.9824392632596022,0.001251235643845462,0.0018751722824996756,0.0011711010395243882,0.0014962722858657875,0.0009770973970430923,0.0012065765507556475,0.0015767574930599735,0.0011290326187320832,0.002440624471050992,154.0
0.005328196855582707,0.002175963476333349,0.0024516512669673887,0.4169080922494745,0.0031715157544748005,0.001980706216488167,0.0025306747395399324,0.001652584041103446,0.0020407066462182853,0.002666800953115497,0.0019095550691755503,0.5571835527315264,155.0
0.0037660642802534896,0.0015380096767199916,0.001732870709251289,0.0014957956718927318,0.0022416837292102074,0.9786740604185203,0.0017887259048124714,0.0011680757854874728,0.0014424077441406915,0.0018849423330804967,0.0013497074774300054,0.002917656269201044,156.0
0.00165872574263408,0.000677401141709683,0.0007632257551106429,0.0006588084010403862,0.0009873274144525908,0.990607200956411,0.0007878266232431852,0.0005144674202441341,0.0006352942165978846,0.0008302041968999304,0.0005944653015025451,0.0012850528301539595,157.0
