0.582165577575076,0.055079350599715415,0.031771862178982396,0.04824348963220786,0.046036506818658195,0.03340430194599239,0.043001373299995156,0.03145971677867891,0.040045281826571084,0.03438001729660321,0.054412522047519556,1.0
0.0387727538878562,0.0550793505997154,0.03177186217898239,0.04824348963220785,0.04603650681865818,0.5767971256332121,0.04300137329999514,0.031459716778678905,0.04004528182657107,0.034380017296603206,0.05441252204751954,2.0
0.038772753887856205,0.05507935059971541,0.031771862178982396,0.048243489632207856,0.04603650681865819,0.033404301945992386,0.04300137329999515,0.5748525404658986,0.04004528182657108,0.03438001729660321,0.05441252204751955,3.0
0.038772753887856205,0.055079350599715415,0.031771862178982396,0.5916363133194277,0.046036506818658195,0.03340430194599239,0.043001373299995156,0.03145971677867891,0.040045281826571084,0.03438001729660321,0.054412522047519556,4.0
0.038772753887856205,0.055079350599715415,0.03177186942632751,0.04824348963220786,0.046036506818658195,0.03340430194599239,0.5863874087834854,0.03145971677867891,0.040045281826571084,0.03438001729660321,0.054419303003903845,5.0
0.038772753887856205,0.5984721742869351,0.031771862178982396,0.04824348963220786,0.046036506818658195,0.03340430194599239,0.043001373299995156,0.03145971677867891,0.040045281826571084,0.03438001729660321,0.054412522047519556,6.0
0.0387727538878562,0.0550793505997154,0.5751646858662021,0.04824348963220785,0.04603650681865818,0.033404301945992386,0.04300137329999514,0.031459716778678905,0.04004528182657107,0.034380017296603206,0.05441252204751954,7.0
0.0387727538878562,0.0550793505997154,0.03177186217898239,0.04824348963220785,0.04603650681865818,0.5767971256332121,0.04300137329999514,0.031459716778678905,0.04004528182657107,0.034380017296603206,0.05441252204751954,8.0
0.014741491619086122,0.020941571233990115,0.012079736855500853,0.01834263076295762,0.017503187454832966,0.012700393647625324,0.016349295533008974,0.01196105868725017,0.8416213436037709,0.013071362903645804,0.02068792769833091,9.0
0.0387727538878562,0.0550793505997154,0.5751646858662021,0.04824348963220785,0.04603650681865818,0.033404301945992386,0.04300137329999514,0.031459716778678905,0.04004528182657107,0.034380017296603206,0.05441252204751954,10.0
0.025121766340230958,0.03569633453743588,0.02058572728664148,0.7353999915152398,0.029828440782682406,0.02164343297743806,0.027861801111559913,0.020383481472084942,0.02594634089631863,0.022275619870364503,0.03525706321000337,11.0
0.0387727538878562,0.0550793505997154,0.03177186217898239,0.04824348963220785,0.04603650681865818,0.5767971256332121,0.04300137329999514,0.031459716778678905,0.04004528182657107,0.034380017296603206,0.05441252204751954,12.0
0.02512176634022875,0.03568718848136724,0.020585733288698498,0.031258075644638846,0.02982812030230603,0.3736460065131754,0.02786158691425256,0.02038348001613778,0.3780972972596296,0.022275610440165287,0.03525513479940001,13.0
0.038772753887856205,0.05507935059971541,0.031771862178982396,0.048243489632207856,0.04603650681865819,0.033404301945992386,0.04300137329999515,0.5748525404658986,0.04004528182657108,0.03438001729660321,0.05441252204751955,14.0
0.0387727538878562,0.055097281499253095,0.03177186217898239,0.04824348963220785,0.04603650681865818,0.033404301945992386,0.04300137329999514,0.5748345826815278,0.04004528182657107,0.034380017296603206,0.054412548932352686,15.0
0.038772753887856205,0.05507935059971541,0.031771862178982396,0.04824457445366814,0.04603650681865819,0.033404301945992386,0.04300137329999515,0.031459716781681246,0.5834370206893281,0.03438001729660321,0.05441252204751955,16.0
0.038772753887856205,0.5984721742869351,0.031771862178982396,0.04824348963220786,0.046036506818658195,0.03340430194599239,0.043001373299995156,0.03145971677867891,0.040045281826571084,0.03438001729660321,0.054412522047519556,17.0
0.038772753887856205,0.05507935059971541,0.031771862178982396,0.048243489632207856,0.04603650681865819,0.033404301945992386,0.5863941969872148,0.031459716778678905,0.04004528182657108,0.03438001729660321,0.05441252204751955,18.0
0.018580132563548613,0.02639434992713093,0.015225267487628686,0.02312006832886465,0.35047684360154696,0.01600754032492399,0.020606807256265482,0.46784914348060647,0.01918993542866088,0.016475109783408097,0.026074801817415182,19.0
0.582165577575076,0.055079350599715415,0.031771862178982396,0.04824348963220786,0.046036506818658195,0.03340430194599239,0.043001373299995156,0.03145971677867891,0.040045281826571084,0.03438001729660321,0.054412522047519556,20.0
0.038772753887856205,0.5984721742869351,0.031771862178982396,0.04824348963220786,0.046036506818658195,0.03340430194599239,0.043001373299995156,0.03145971677867891,0.040045281826571084,0.03438001729660321,0.054412522047519556,21.0
0.038772753887856205,0.055079350599715415,0.031771862178982396,0.04824348963220786,0.589429330505878,0.03340430194599239,0.043001373299995156,0.03145971677867891,0.040045281826571084,0.03438001729660321,0.054412522047519556,22.0
0.038772753887856205,0.05507935059971541,0.031771862178982396,0.048243489632207856,0.04603650681865819,0.033404301945992386,0.5863941969872148,0.031459716778678905,0.04004528182657108,0.03438001729660321,0.05441252204751955,23.0
0.582165577575076,0.055079350599715415,0.031771862178982396,0.04824348963220786,0.046036506818658195,0.03340430194599239,0.043001373299995156,0.03145971677867891,0.040045281826571084,0.03438001729660321,0.054412522047519556,24.0
0.02512176634022875,0.03568718848136724,0.020585726259293016,0.031258075644638846,0.3821270690138004,0.02164342183876969,0.37971626046599394,0.02038348001613778,0.025946266700205,0.022275610440165287,0.03525513479940001,25.0
0.038772753887856205,0.055079350599715415,0.031771862178982396,0.04824348963220786,0.589429330505878,0.03340430194599239,0.043001373299995156,0.03145971677867891,0.040045281826571084,0.03438001729660321,0.054412522047519556,26.0
0.0387727538878562,0.0550793505997154,0.03177186217898239,0.04824348963220785,0.04603650681865818,0.5767971256332121,0.04300137329999514,0.031459716778678905,0.04004528182657107,0.034380017296603206,0.05441252204751954,27.0
0.038772753887856205,0.055079350599715415,0.031771862178982396,0.04824348963220786,0.046036506818658195,0.03340430194599239,0.5863941969867768,0.03145971677867891,0.040045281826571084,0.03438001729660321,0.05441252204795776,28.0
0.038772753887856205,0.05508912053765505,0.031771862178982396,0.048243489632207856,0.046038269250353876,0.033404301945992386,0.5863826646175796,0.031459716778678905,0.04004528182657108,0.03438001729660321,0.05441252204751955,29.0
0.038772753887856205,0.05507935059971541,0.031771862178982396,0.048243489632207856,0.04603650681865819,0.033404301945992386,0.04300137329999515,0.5748525404658986,0.04004528182657108,0.03438001729660321,0.05441252204751955,30.0
0.038772753887856205,0.05507935059971541,0.031771862178982396,0.048243489632207856,0.04603650681865819,0.033404301945992386,0.5863941969872148,0.031459716778678905,0.04004528182657108,0.03438001729660321,0.05441252204751955,31.0
0.010431299625451048,0.014819268166350973,0.008547799712533931,0.012979468121860573,0.012385512850224623,0.008986985627963205,0.01156896968219627,0.008463820498185084,0.010773688219659733,0.8864042186183573,0.014638968877217315,32.0
0.0387727538878562,0.0550793505997154,0.03177186983412403,0.5916351135773055,0.04603769890563862,0.033404301945992386,0.04300137329999514,0.031459716778678905,0.04004528182657107,0.034380017296603206,0.05441252204751954,33.0
0.038772753887856205,0.05507935059971541,0.031771862178982396,0.048243489632207856,0.04603650681865819,0.033404301945992386,0.04300137329999515,0.031459716778678905,0.5834381055137907,0.03438001729660321,0.05441252204751955,34.0
0.3771983064763043,0.03568718848136723,0.020585726259293013,0.03125807564463884,0.029828120305743947,0.021643421838769685,0.027861628537371688,0.02038348001613778,0.025946266700204997,0.022275610440165284,0.38733217530000313,35.0
0.038772753887856205,0.055079350599715415,0.031771862178982396,0.04824348963220786,0.046036506818658195,0.03340430194599239,0.5863941969867768,0.03145971677867891,0.040045281826571084,0.03438001729660321,0.05441252204795776,36.0
0.3771985570137017,0.03568718848137396,0.020585726259293013,0.38333486733958094,0.029828120302306024,0.02164343328093736,0.027861586914252556,0.020383491782165315,0.025946266700204997,0.022275627126784044,0.03525513479940002,37.0
0.278977181109429,0.026396737609415362,0.015225266358988505,0.023120101217491956,0.022060965809584034,0.016007544372697417,0.020606713219557357,0.015075691425902803,0.019190084465444943,0.016475111556802025,0.5468646028546867,38.0
0.02512176634024087,0.035687188481367246,0.02058572625929302,0.031258075644638846,0.02982812030230604,0.021643421838769692,0.027861586914252563,0.020383480016137785,0.025946266700205008,0.02227561044016529,0.7394087570626237,39.0
0.02512176634022906,0.7398367662792478,0.02058572625929397,0.031259157080857344,0.029828753524252793,0.021643430328551483,0.027861587038425138,0.020383482064166,0.025946366840703988,0.02227561044016558,0.035257353804107064,40.0
0.03877275388785696,0.5984721742382171,0.031771862178982396,0.04824348968092516,0.046036506818658195,0.03340430194599239,0.043001373299995156,0.03145971677867891,0.040045281826571084,0.03438001729660321,0.054412522047519556,41.0
0.025121766340228946,0.7398408107318669,0.020585726259293016,0.03125807565737043,0.02982812030230603,0.02164342183876969,0.02786158691425256,0.02038348001613778,0.025946266700209476,0.02227561044016529,0.03525513479940001,42.0
0.01858018526248757,0.026398019550840084,0.015225266462621704,0.023120128548743568,0.8032361671276493,0.016007546647941344,0.02060677536201746,0.015075684555260224,0.019190083377557166,0.016475119600959966,0.02608502350392143,43.0
0.025121766340228755,0.035687463146560565,0.02058572776895353,0.031258347705852035,0.029828279686040467,0.02164342504719363,0.02786161168233301,0.020383480717596658,0.025946266700205008,0.022275611486992513,0.7394080197180439,44.0
0.038772753887856205,0.055079350599715415,0.031771862178982396,0.04824348963220786,0.046036506818658195,0.03340430194599239,0.5863941969867768,0.03145971677867891,0.040045281826571084,0.03438001729660321,0.05441252204795776,45.0
0.03877275388785696,0.5984721742382171,0.031771862178982396,0.04824348968092516,0.046036506818658195,0.03340430194599239,0.043001373299995156,0.03145971677867891,0.040045281826571084,0.03438001729660321,0.054412522047519556,46.0
0.038772753887856205,0.055079350599715415,0.031771862178982396,0.04824348963220786,0.046036506818658195,0.03340430194599239,0.5863941969867768,0.03145971677867891,0.040045281826571084,0.03438001729660321,0.05441252204795776,47.0
0.025122096610920068,0.03569571291911715,0.020585726268629295,0.03125807687423825,0.029828120302306034,0.021643426615504977,0.37992977313863374,0.020383480016137785,0.025946266700205008,0.022275617575336505,0.38733170297897135,48.0
0.5393735636349742,0.28679140006664017,0.015225265282132755,0.023118716437756284,0.022060965809584034,0.016007541637259832,0.0206065351164875,0.015075682017879488,0.019189945863029207,0.016475107225248364,0.02607527690900823,49.0
0.038772753887856205,0.055079350599715415,0.031771862178982396,0.04824348963220786,0.046036506818658195,0.03340430194599239,0.5863941969867768,0.03145971677867891,0.040045281826571084,0.03438001729660321,0.05441252204795776,50.0
0.038772753887856205,0.055079350599715415,0.031771862178982396,0.04824348963220786,0.046036506818658195,0.03340430194599239,0.5863941969867768,0.03145971677867891,0.040045281826571084,0.03438001729660321,0.05441252204795776,51.0
0.018580132529011528,0.026394350021582833,0.7964164087499884,0.023118565001109263,0.022060965809584034,0.016007538669829912,0.020606511911800234,0.015075682904389761,0.019189935428660543,0.016475107225248364,0.0260748017487951,52.0
0.03877275388785696,0.5984721742382171,0.031771862178982396,0.04824348968092516,0.046036506818658195,0.03340430194599239,0.043001373299995156,0.03145971677867891,0.040045281826571084,0.03438001729660321,0.054412522047519556,53.0
0.025121766340333005,0.035688506423423874,0.02058572754057276,0.03125807564463957,0.02982812031022921,0.021643422950968633,0.37993425014496746,0.3724550327402346,0.02594626670020804,0.02227561044016529,0.03526322076425762,54.0
0.025121766340228755,0.38776553517633355,0.02058572625929302,0.031258075644638846,0.029828120302306034,0.021643421838769692,0.027861586914252563,0.020383480016137785,0.3780215395404371,0.02227561044016529,0.035255137527437516,55.0
0.0387728678996992,0.055079350599715415,0.03177186347583547,0.04824348963277538,0.5894264248258911,0.033404305630146444,0.0430013733246291,0.03145972223568417,0.04004528182657143,0.03438004320507738,0.05441527734397515,56.0
0.038772753887856205,0.055079350599715415,0.031771862178982396,0.04824348963220786,0.046036506818658195,0.03340430194599239,0.5863941969867768,0.03145971677867891,0.040045281826571084,0.03438001729660321,0.05441252204795776,57.0
0.038773186353109924,0.055086614857252324,0.03177187245216997,0.04824804863153585,0.5894115351324064,0.03340432829414078,0.04300169552991406,0.031459716778678905,0.040045281932966297,0.034380045031993274,0.05441767500583219,58.0
0.038772753887856205,0.055079350599715415,0.031771862178982396,0.04824348963220786,0.046036506818658195,0.03340430194599239,0.5863941969867768,0.03145971677867891,0.040045281826571084,0.03438001729660321,0.05441252204795776,59.0
0.025121826123527827,0.03569682538076954,0.020585729875333074,0.03126137613438988,0.02982829247016357,0.021643443478515094,0.027862161703768432,0.7245232137046528,0.025946266700205,0.022275645834377383,0.035255218594297456,60.0
0.582165577575076,0.055079350599715415,0.031771862178982396,0.04824348963220786,0.046036506818658195,0.03340430194599239,0.043001373299995156,0.03145971677867891,0.040045281826571084,0.03438001729660321,0.054412522047519556,61.0
0.0387727538878562,0.0550793505997154,0.03177186217898239,0.04824348963220785,0.04603650681865818,0.5767971256332121,0.04300137329999514,0.031459716778678905,0.04004528182657107,0.034380017296603206,0.05441252204751954,62.0
0.5821655775749699,0.055079350599715415,0.03177186217908818,0.04824348963220799,0.046036506818658195,0.03340430194599239,0.043001373299995344,0.03145971677867891,0.040045281826571084,0.03438001729660321,0.054412522047519556,63.0
0.025121766340229064,0.03568718848136739,0.020585726259293016,0.031258075644638846,0.02982812030230603,0.021643421838769692,0.7320152091761786,0.02038348001613778,0.025946266700205,0.022275610441474584,0.03525513479940001,64.0
0.038772753887856205,0.055079350599715415,0.031771862178982396,0.04824348963220786,0.046036506818658195,0.03340430194599239,0.5863941969867768,0.03145971677867891,0.040045281826571084,0.03438001729660321,0.05441252204795776,65.0
0.0387727538878562,0.0550793505997154,0.03177186217898239,0.04824348963220785,0.04603650681865818,0.5767971256332121,0.04300137329999514,0.031459716778678905,0.04004528182657107,0.034380017296603206,0.05441252204751954,66.0
0.025121766340229543,0.38776363528360047,0.020585726259293016,0.031258437476312594,0.029828122205350607,0.021643421838769696,0.37993839803514007,0.02038348061822626,0.025946266700205,0.02227561044347268,0.03525513479940001,67.0
0.038772753887856205,0.055079350599715415,0.031771862178982396,0.04824348963220786,0.046036506818658195,0.03340430194599239,0.5863941969867768,0.03145971677867891,0.040045281826571084,0.03438001729660321,0.05441252204795776,68.0
0.03877275388785738,0.5984566813515109,0.03177186217898603,0.048247631436119605,0.04603893136002897,0.033404334433745325,0.04300137377515659,0.03145972461574604,0.040045665075317816,0.03438001729660431,0.05442102458892702,69.0
0.038772753887856205,0.055079350599715415,0.031771862178982396,0.04824348963220786,0.046036506818658195,0.03340430194599239,0.5863941969867768,0.03145971677867891,0.040045281826571084,0.03438001729660321,0.05441252204795776,70.0
0.025121766340228755,0.035687188481367246,0.020585727026452588,0.7354113054208473,0.029828511833100632,0.021643421838769692,0.027861586914252563,0.020383480016153865,0.025946266889262295,0.02227561044016529,0.03525513479940002,71.0
0.014741491619086122,0.02094129778861846,0.012079736234080658,0.018342287477067894,0.4970985684799105,0.012700393647625324,0.016349222599574335,0.011961057823570558,0.015225309714594001,0.013071362903645804,0.3674892717122263,72.0
0.02512176634033749,0.41716770417239235,0.020585727590143328,0.03125807567293019,0.029828120302306048,0.02164342299423651,0.35053161843397207,0.02038348001613779,0.025946266700206107,0.022275610440165287,0.035258207337172734,73.0
0.03877275388785696,0.5984721742382171,0.031771862178982396,0.04824348968092516,0.046036506818658195,0.03340430194599239,0.043001373299995156,0.03145971677867891,0.040045281826571084,0.03438001729660321,0.054412522047519556,74.0
0.025121794436065673,0.03568718848136724,0.020585726259293016,0.031258075644638846,0.02982812030230603,0.02164342499323801,0.02786158691425256,0.020383481118129237,0.7300998566111441,0.022275610440165287,0.03525513479940001,75.0
0.02512184686511412,0.0356936880262923,0.020585733252024983,0.03125898741902785,0.029828763793961516,0.021643465571679187,0.7319951709696264,0.020383483184763393,0.02594632160805589,0.022275623893585676,0.035266915415868745,76.0
0.03877275388785696,0.5984721742382171,0.031771862178982396,0.04824348968092516,0.046036506818658195,0.03340430194599239,0.043001373299995156,0.03145971677867891,0.040045281826571084,0.03438001729660321,0.054412522047519556,77.0
0.018580132763511503,0.02639434992713093,0.015225263897591613,0.023118565001109263,0.0220609892586947,0.016007538669829912,0.020606511911800234,0.015075681979249293,0.019189941542442995,0.01647510722524837,0.8072659178233912,78.0
0.038772753887856205,0.055079350599715415,0.03177190871188911,0.5916362667865209,0.046036506818658195,0.03340430194599239,0.043001373299995156,0.03145971677867891,0.040045281826571084,0.03438001729660321,0.054412522047519556,79.0
0.038772753887856205,0.055079350599715415,0.031771862178982396,0.04824348963220786,0.046036506818658195,0.03340430194599239,0.5863941969867768,0.03145971677867891,0.040045281826571084,0.03438001729660321,0.05441252204795776,80.0
0.038772753887856205,0.05507935059971541,0.031771862178982396,0.048243489632989134,0.04603650681865819,0.033404301945992386,0.04300137329999515,0.031459716778678905,0.04004528182657108,0.03438001729660321,0.5978053457339579,81.0
0.038772753887856205,0.055079350599715415,0.031771862178982396,0.04824348963220786,0.046036506818658195,0.03340430194599239,0.5863941969867768,0.03145971677867891,0.040045281826571084,0.03438001729660321,0.05441252204795776,82.0
0.038772753887856205,0.055079350599715415,0.031771862178982396,0.04824348963220786,0.046036506818658195,0.03340430194599239,0.5863941969867768,0.03145971677867891,0.040045281826571084,0.03438001729660321,0.05441252204795776,83.0
0.038772753887856205,0.055079350599715415,0.031771862178982396,0.04824348963220786,0.046036506818658195,0.03340430194599239,0.5863941969867768,0.03145971677867891,0.040045281826571084,0.03438001729660321,0.05441252204795776,84.0
0.03877281568239283,0.05507935060219277,0.03177186217898239,0.04824348963220796,0.04603650681865818,0.03340430194599238,0.043001373299995135,0.0314597167786789,0.04004528182657107,0.034380017296603206,0.597805283937725,85.0
0.01858013252901189,0.2867918209864762,0.015225263897591611,0.023118565024454824,0.02206096580958403,0.5367976194407228,0.02060651191180023,0.015075681979249292,0.01918993542866054,0.01647510722524836,0.026078395767200075,86.0
0.018580222168688383,0.026394349927137746,0.015225265343320325,0.023121366523940402,0.022061667765744444,0.01600753888652829,0.45509831312069327,0.015075684623179349,0.01919004130715798,0.3631696504487697,0.026075899884839958,87.0
0.038772769724432714,0.05507935059971578,0.031771862178982396,0.04824367573197844,0.04603650681865819,0.033404301945992386,0.5863939949641003,0.03145971678176465,0.04004528191025237,0.03438001729660321,0.05441252204751955,88.0
0.038772753887856205,0.05507935059971541,0.031771862178982396,0.048243509024580605,0.046036506818658215,0.03340430358904251,0.04300137329999515,0.031459716778678905,0.04004528182657108,0.03438001729660321,0.5978053246993164,89.0
0.038772753887856205,0.055079350599715415,0.031771862178982396,0.04824348963220786,0.046036506818658195,0.03340430194599239,0.5863941969867768,0.03145971677867891,0.040045281826571084,0.03438001729660321,0.05441252204795776,90.0
0.03877275388785696,0.5984721742382171,0.031771862178982396,0.04824348968092516,0.046036506818658195,0.03340430194599239,0.043001373299995156,0.03145971677867891,0.040045281826571084,0.03438001729660321,0.054412522047519556,91.0
0.018580132529018703,0.026394349927131192,0.015225263897591611,0.5439127353474883,0.02206096580958404,0.016007538669829912,0.02060651191180023,0.015075681979249292,0.01918993542866054,0.01647510722524836,0.2864717772743978,92.0
0.038772753887856205,0.055079350599715415,0.031771862178982396,0.04824348963220786,0.046036506818658195,0.03340430194599239,0.5863941969867768,0.03145971677867891,0.040045281826571084,0.03438001729660321,0.05441252204795776,93.0
0.01474149161908646,0.27277879769059943,0.5866344866122055,0.01834348184012705,0.017504034216597176,0.012700403759897724,0.01634922273664321,0.011961060088731169,0.015225439118943097,0.013071362903646121,0.02069021941352302,94.0
0.038772753887856205,0.055079350599715415,0.031771862178982396,0.04824348963220786,0.046036506818658195,0.03340430194599239,0.5863941969867768,0.03145971677867891,0.040045281826571084,0.03438001729660321,0.05441252204795776,95.0
0.018580203874255467,0.026398015424452255,0.27562178657061087,0.02311939380462052,0.022061998665361404,0.536793105970593,0.020606804622763035,0.015075685001125277,0.01919004640537666,0.01647511823105857,0.02607784142978286,96.0
0.025121766340244777,0.03568719033354514,0.020585726259293016,0.031258085197197326,0.02982812030230603,0.3737202215656317,0.37993839804558655,0.020383480016141247,0.025946266700205,0.022275610440165287,0.03525513479968394,97.0
0.018580179741369947,0.8075826801078554,0.015225265436862204,0.023119217744048938,0.022061384961213723,0.01600754221018174,0.02060663035236081,0.015075685360919501,0.01918996736484524,0.016475109526466566,0.026076337193876024,98.0
0.014741587034969169,0.567876315051304,0.01207973873472461,0.018343251469251212,0.29695446705319656,0.012700412536652536,0.01634959023771996,0.011961058724004773,0.015225354637410394,0.013071372417971143,0.02069685210279582,99.0
0.025121766340229244,0.3877640282204724,0.02058572625929302,0.031258088125746444,0.029828120302306034,0.021643421838769692,0.027861586914252563,0.020383480016137785,0.025946267496600492,0.022275619342197128,0.38733189514399535,100.0
0.03877275388785696,0.5984721742382171,0.031771862178982396,0.04824348968092516,0.046036506818658195,0.03340430194599239,0.043001373299995156,0.03145971677867891,0.040045281826571084,0.03438001729660321,0.054412522047519556,101.0
0.03877275388785696,0.5984721742382171,0.031771862178982396,0.04824348968092516,0.046036506818658195,0.03340430194599239,0.043001373299995156,0.03145971677867891,0.040045281826571084,0.03438001729660321,0.054412522047519556,102.0
0.02512191705424848,0.0356922801967728,0.020585728434940095,0.031258075644638846,0.02982971882325189,0.021643425902419175,0.7320077174031778,0.020383481264694484,0.02594635667593079,0.022275610440165905,0.03525568815975977,103.0
0.0387727538878562,0.05507935059971678,0.03177186217898239,0.5916363133194261,0.04603650681865823,0.033404301945992386,0.04300137329999514,0.031459716778678905,0.04004528182657107,0.034380017296603206,0.05441252204751954,104.0
0.038772753887856205,0.05507935059971541,0.031771862178982396,0.048243489632207856,0.04603650681865819,0.033404301945992386,0.04300137329999515,0.5748525404658986,0.04004528182657108,0.03438001729660321,0.05441252204751955,105.0
0.038772753887856205,0.055079350599715415,0.031771862178982396,0.04824348963220786,0.046036506818658195,0.03340430194599239,0.5863941969867768,0.03145971677867891,0.040045281826571084,0.03438001729660321,0.05441252204795776,106.0
0.038772753887856205,0.055079350599715415,0.031771862178982396,0.04824348963220786,0.046036506818658195,0.03340430194599239,0.5863941969867768,0.03145971677867891,0.040045281826571084,0.03438001729660321,0.05441252204795776,107.0
0.005155496700016805,0.007324747924832922,0.00422458114506076,0.006414885763863848,0.006121356219416234,0.004441641632745278,0.4147590745170312,0.004183076815842333,0.005324697762692878,0.5348143649341149,0.007236076584382849,108.0
0.03464848519257811,0.002422724491752411,0.0013974432100840436,0.002122010081800876,0.08116726187458492,0.001469244015690515,0.001891383385194645,0.6456765671508892,0.0017613459885592354,0.0015121598901764088,0.2259313747186899,109.0
0.9218552891537701,0.01030161585937561,0.005941839904890608,0.0090224001115388,0.008609683204814188,0.00624713197859459,0.008041997108598983,0.005883463863605473,0.00748910829126748,0.006429608970625145,0.010177861552918846,110.0
0.002172733916043525,0.13558585367077286,0.8436936356375123,0.002703519733049999,0.002579799436668037,0.00187189609624712,0.0024097082283710395,0.0017629255713654108,0.002244044703376543,0.0019265730859365274,0.0030493099206564,111.0
0.014741575687883639,0.020953385185261457,0.012079738686998964,0.01834367893994463,0.017503790782002624,0.012700396043675516,0.8427318421061785,0.011961058951304709,0.01522538258546827,0.013071382975605268,0.020687768055676382,112.0
0.006582239513267152,0.009351202231588703,0.005393714216019848,0.12814107064457375,0.007815480583530085,0.005670844354534673,0.007300146658757307,0.6855532947922306,0.006798256387277556,0.005836487931328272,0.13155726268689216,113.0
0.010431303802866608,0.014825273936131667,0.008547799498696712,0.01297977854268245,0.012385592884430169,0.00898698881999268,0.011569099922684498,0.008463821622551042,0.887919488660775,0.0092494936906941,0.014641358618495123,114.0
0.018580196485982622,0.026395372668351434,0.015225264760536842,0.023118565001109263,0.022061458775423756,0.016007540785364646,0.020606957060082674,0.015075684816726779,0.019189997535683262,0.4981629404135344,0.32557602169720423,115.0
0.0017053699011900228,0.0024227435668323183,0.001397443393579742,0.002121965825043385,0.08002362377223718,0.001469244174562659,0.0018913698340980577,0.0013837137929642992,0.0017613430820819375,0.0015121600667266785,0.9043110225906837,116.0
0.009100848944914756,0.012930862008313676,0.007457558830871036,0.011324207833266448,0.01080579962154108,0.007840728615708286,0.9029134122315671,0.007384291922738494,0.009399519818072744,0.008069751679331789,0.012773018493674668,117.0
0.0017909801998129368,0.002544290178536521,0.0014675954965307197,0.002228472778445008,0.002126539034976409,0.9804511601913777,0.0019863162563880125,0.001453176906352234,0.0018497617854860934,0.0015880709316827466,0.002513636240411658,118.0
0.002048009148828025,0.0029097180723299753,0.9775588129969708,0.002548311167518986,0.002431742382739424,0.0017644397616597772,0.0022713784597564535,0.0016617251328576016,0.002115233049619294,0.0018159779955159968,0.0028746518322036985,119.0
0.007251141070540367,0.010302442566620822,0.005941839478529528,0.5877698528048011,0.008609563578902454,0.006247132186400552,0.34389755680468,0.005883464812210625,0.007489144276693816,0.0064296071063151385,0.010178255314305665,120.0
0.014741500199188538,0.020947809096819182,0.8384646785879797,0.01834257452452076,0.017503187454832966,0.012700394658402794,0.016349279156488837,0.011961058949631943,0.015225390857682795,0.013071365135104132,0.02069276137934839,121.0
0.010431313553146129,0.014818370273342828,0.7146543468949808,0.012979553197947647,0.01238571731848133,0.008986985314253492,0.1826174870828554,0.008463821157786043,0.010773709374631738,0.009249488615205833,0.01463920721736897,122.0
0.002474079851940605,0.0035154463696487207,0.002027352126252217,0.003078460236485981,0.0029376095927967204,0.0021315178928670185,0.636670795529458,0.002007434589768787,0.0025552801092666136,0.002193777881905765,0.3404082458196096,123.0
0.002240972600318692,0.0031839547058602606,0.0018363345570892135,0.0027884380145364145,0.9762688818887283,0.001930686323910077,0.0024854116979509473,0.0018182932251079272,0.0023145307061156408,0.0019870799195334772,0.0031454163608491638,124.0
0.004237050541244469,0.006019889003262937,0.003471996211084552,0.005272031962989733,0.005030862234540544,0.00365038756950793,0.004699213541452299,0.0034378853241659986,0.9544769434195987,0.0037570127958148087,0.0059467273963381105,125.0
0.007251120295709132,0.010301631835719744,0.005941839621893536,0.009022720161131237,0.9232148137147123,0.006247132139526501,0.008042018640583196,0.005883463418194996,0.007489105696224602,0.006429606989170188,0.010176547487134433,126.0
0.002313635329981865,0.003287792064467876,0.0018958779990670793,0.002878833552781433,0.053945852510530565,0.001993288572054648,0.0025659917662857494,0.0018772518401360123,0.9239426755404408,0.002051511542775568,0.0032472892814783467,127.0
0.012217467987395631,0.0173585829770509,0.20808626398649496,0.3413299916864805,0.01450694227928573,0.3424391251017136,0.013549921519574907,0.009913035021050495,0.012618439215868117,0.010833236020842508,0.01714699420424266,128.0
0.0031240070359301302,0.16244325750017027,0.0025599248967696233,0.0038872370352958045,0.2161106578705389,0.002691454338915243,0.1122476958587283,0.0025347749141242768,0.003226556825324476,0.002770072239666901,0.48840436148453603,129.0
0.22514137638773252,0.31264574537496015,0.004553590663157288,0.0069144157194889685,0.006598066614370383,0.3295053084033455,0.006163084305010237,0.09001170883449447,0.005739390019158507,0.004927396409200936,0.007799917269081076,130.0
0.005556986166524054,0.007894344192977798,0.004553590852028357,0.006914577661171537,0.6385045052706216,0.0047875549424523335,0.00616304608139357,0.0045088536101550525,0.005739356537059501,0.307578266283513,0.007798918402103124,131.0
0.12181830679342256,0.007895420299429304,0.3581827613940342,0.38663165810624567,0.006598132414623175,0.08973586610006501,0.006163047734490085,0.004508853774887606,0.005739441180562417,0.004927398955644114,0.007799113246595785,132.0
0.018580160487901398,0.026396749436466898,0.015225265276095358,0.804306771442366,0.02206118917263845,0.016007542326973687,0.020606529404736944,0.01507568197924929,0.019189953459917086,0.016475109254815868,0.0260750477588389,133.0
0.005155472961470663,0.4259037437129213,0.004224581005855525,0.44808031558635053,0.006121308711277875,0.004441640996716807,0.005717768590617764,0.08322396306695144,0.0053246793615202076,0.004571377774099296,0.007235148232218553,134.0
0.002872474622509537,0.0040807795539723225,0.00235381400704324,0.003574179133018567,0.003410670766279457,0.002474753256620932,0.0031857577274875697,0.0023306888239639193,0.9691385168281232,0.0025470390032486198,0.004031326277732634,135.0
0.009100878627013519,0.012929401897067146,0.007457559682969451,0.01132420318483002,0.010806168578854587,0.0078407292913679,0.010093401466706555,0.900204479293228,0.009399526672156806,0.00806975693975123,0.01277389436605466,136.0
0.02512176634022875,0.035687189306317244,0.020585726259293016,0.3833351621160085,0.3819046332554877,0.021643421838769706,0.02786158691425256,0.020383480019484167,0.025946288710593002,0.02227561044016529,0.035255134799400185,137.0
0.009100840014104092,0.012929687778380279,0.007457559154753173,0.011324058545578632,0.010805786334973849,0.007840728464724372,0.13224799171753152,0.0073842913577323544,0.2614112042219108,0.526725208571416,0.012772643838894957,138.0
0.006582223247470711,0.009351693639573857,0.005393714174812493,0.008190151313139587,0.007815748704727121,0.005670844930601879,0.007300144099334503,0.2884190964091093,0.0067982758350120884,0.6452400278282648,0.009238079817953606,139.0
0.9713503459995554,0.0037773999170733364,0.0021784198668622847,0.003307806691299184,0.003156481042335208,0.0022903472060687036,0.002948385503941289,0.0021570179508449594,0.002745690359605643,0.0023572484820477443,0.0037308569803663327,140.0
0.0060263148893458535,0.11599756131970743,0.0049381757774896425,0.007498719632565334,0.007155338009529337,0.005191899431948486,0.006683638896859378,0.8264828698194339,0.0062241253886752635,0.005343553101694609,0.008457803732750705,141.0
0.00480808074705966,0.00683093352617683,0.003939911418834165,0.005983103165803188,0.005708939409407461,0.004142345298547575,0.005332492783575662,0.003901203574426419,0.004965885645691051,0.9476392373966751,0.00674786703380298,142.0
0.7078417143932785,0.010304577932727722,0.005941839662775939,0.009022813834346543,0.008609883468207905,0.006247137868431383,0.008041935089558302,0.0058834657291788345,0.22149683900093586,0.006429606539867448,0.010180186480691515,143.0
0.01858014166686011,0.026394349927134634,0.015225265040579911,0.023119122522609732,0.8032493589141926,0.01600754062571582,0.020606567959683807,0.015075682159717175,0.019189984422626555,0.016475109882344255,0.02607687687853547,144.0
0.012217418995714303,0.01735578063551206,0.010011391029497442,0.015202283534285783,0.014506545615399656,0.010525780139142456,0.013549852411150923,0.009913033359950765,0.012618569643760702,0.0108332355945157,0.8732661090410702,145.0
0.025121792584726053,0.035690556118216296,0.02058572626298887,0.03125807564968617,0.029828120302306024,0.021643423729678375,0.7320118105702661,0.02038348001613778,0.025946266700204997,0.02227561326598454,0.03525513479980474,146.0
0.0035963757850641697,0.005110046472039807,0.002947004393510215,0.0701788006154274,0.0042701523939100965,0.003098421624060406,0.8959305609472139,0.002918051435196038,0.0037144251203703087,0.0031889254973225707,0.005047235715885057,147.0
0.6350190333640023,0.02094137074404032,0.01207973707967738,0.018342810945057807,0.22360673425718042,0.012700404255192175,0.016349311480412444,0.011961059389802043,0.015225393793733217,0.013071362903711428,0.020702781787190518,148.0
0.00658221851165368,0.009351539849928677,0.005393714400336244,0.00819001984357001,0.00781546242521541,0.005670843776870201,0.12096222828568272,0.5008107512866763,0.006798253090924449,0.3191876166435188,0.009237351885623501,149.0
0.007251118475871541,0.010300707280164164,0.005941839725639484,0.009022293463234394,0.008609552945394484,0.006247131541722918,0.008041966605316822,0.005883463610406013,0.7188503217734162,0.0064296054801546735,0.21342199909867926,150.0
0.0021085311325299964,0.002995559458169381,0.0017278050763837255,0.0026236272972313037,0.07794066427548947,0.9015479106939899,0.0023384943315419736,0.0017108301286039602,0.002177732108288564,0.0018696413411215874,0.0029592041566501677,151.0
0.008071392964814097,0.29484256219671406,0.00661397173370105,0.010043486640314282,0.2848863232346705,0.006953799682354125,0.008951743679519682,0.006548992709747706,0.3546032879899018,0.007156916836518481,0.011327522331743963,152.0
0.012217444113971776,0.35800244702556927,0.010011391154451361,0.015201946947884598,0.014506456061211237,0.01052578126619542,0.01355006597478074,0.009913033284304325,0.012618373693881097,0.010833231251330204,0.53261982922642,153.0
0.014741603794048977,0.020942315420783373,0.012079740227819703,0.8447365282566014,0.01750389898572803,0.012700399489019203,0.016349534819707287,0.011961058818937676,0.015225326167316458,0.013071364625150697,0.020688229394887302,154.0
0.5687946511456233,0.014818370273342825,0.008547799643113158,0.012979557598410794,0.012385518098546185,0.0089869860236646,0.01156913049686628,0.008463820665438155,0.3295646085546696,0.009249488615205814,0.014640068885119194,155.0
0.0060263133860011,0.008561999043376222,0.004938175457543184,0.007498537238310321,0.007155393560225893,0.005191899830124075,0.9357117811800053,0.004889659663739449,0.0062241174073902695,0.005343552758963401,0.00845857047432065,156.0
0.01474155959576625,0.02094129778861846,0.012079737900071403,0.01834228747707315,0.01750318745952,0.01270040081943201,0.016349222599574335,0.011961057823570558,0.6350230428192134,0.013071362903660469,0.22728684281349998,157.0
0.014741556919066567,0.020943134497364742,0.012079736234087066,0.018342287477081592,0.017503570055072568,0.012700395470099417,0.016349279333908756,0.011961058788745337,0.4277036647486409,0.01307136897340553,0.43460394750252757,158.0
0.00910085535890941,0.16802985088340278,0.007457559174840854,0.011324186649968175,0.7485257907997738,0.007840731746559446,0.01009363824343271,0.007384292084240945,0.009399580013445256,0.008069757053799786,0.012773757991626824,159.0
0.513529563449783,0.3126246409072626,0.015225264599303415,0.023122868165047557,0.022061203799287804,0.016007538804209673,0.020606581468045733,0.015075683623324726,0.019190047979488815,0.016475107226172604,0.026081499978074234,160.0
0.002172733500241159,0.5190516156628743,0.0017804173665859663,0.4271490470750806,0.002579825415970342,0.0018718957806990663,0.002409696694190043,0.001762925561677044,0.00224405190048347,0.001926573364880395,0.037051217677317685,161.0
0.009100850749284739,0.012930451706282787,0.007457559095158379,0.011324328098465099,0.010805897047861163,0.007840733046632072,0.9029104545184998,0.007384291317853692,0.009399534727784365,0.008069755628614528,0.012776144063563432,162.0
0.02512178221951142,0.0356871885177316,0.020585726259293013,0.03125807564463898,0.029828120302555834,0.021643421856837427,0.02786160064232102,0.02038348001613778,0.02594626670020867,0.022275610440165284,0.7394087274005989,163.0
0.014741553031658904,0.02094401931516812,0.012079738254760481,0.018342518537866132,0.017504265989721587,0.012700397541176625,0.016349275701904295,0.011961061368032147,0.015225603690898799,0.8394588046524585,0.02069276191635443,164.0
0.0022409740437278726,0.5201900878466904,0.0018363347175724021,0.4102390734885114,0.002660849581167807,0.001930685816299015,0.0024854115399718193,0.0018182934534597625,0.002314536051785106,0.0019870815815123395,0.05229667187930194,165.0
0.0387727538878562,0.055079350717159484,0.03177186217898239,0.04824348963220785,0.04603650681865818,0.5767778254924799,0.04300137329999514,0.031459716778678905,0.04004528182657107,0.034380017296603206,0.05443182207080763,166.0
0.42734522948197345,0.020944123075736145,0.012079736234080658,0.01834335972931389,0.4312843095479891,0.012700410268006803,0.01634946171880657,0.011961057823570558,0.015225431990574164,0.01307137397325942,0.02069550615668921,167.0
0.0017909878864303857,0.0025445512443385016,0.0014675954208772672,0.002228497661290026,0.0021265402263687173,0.9604521591319453,0.021984676440638725,0.0014531768921468716,0.001849767618893626,0.0015880715056363732,0.002513975971434234,168.0
0.8683345491372471,0.01735667484859267,0.010011391074164398,0.015202150377941773,0.014506807371487827,0.010525781363657807,0.013549942241207785,0.009913034096952726,0.012618448043769518,0.010833236141335113,0.01714798530364337,169.0
0.018580139824147638,0.026394349943837256,0.015225263897591611,0.023118565001109325,0.02206096593239539,0.0160075386781304,0.02060651192000604,0.015075681979249292,0.019189935428673453,0.016475107225248368,0.8072659401696112,170.0
0.012217462325802904,0.0173606727363762,0.010011391336742526,0.015202263966488163,0.014506214779263223,0.3535127250521536,0.013550085289314187,0.00991303450661777,0.012618388749912522,0.010833231922899634,0.5302745293344293,171.0
0.0014034792657214921,0.43086805108238757,0.0011500608362853342,0.0017463570299534358,0.0016664189919658482,0.0012091512193331156,0.0015565538521477291,0.5078490537220955,0.0014495437875013456,0.04913155408708853,0.001969776125519881,172.0
0.010431296254796702,0.01482070058558506,0.008547799296246893,0.012979272356416008,0.01238551294396211,0.569105942743375,0.011568974313711207,0.32549837529541636,0.010773667679536646,0.00924948965373657,0.014638968877217315,173.0
